,movie_001.png,movie_002.png,movie_003.png,movie_004.png,movie_005.png,movie_006.png,movie_007.png,movie_008.png,movie_009.png,movie_010.png,movie_011.png,movie_012.png,movie_013.png,movie_014.png,movie_015.png,movie_016.png,movie_017.png,movie_018.png,movie_019.png,movie_020.png,movie_021.png,movie_022.png,movie_023.png,movie_024.png,movie_025.png,movie_026.png,movie_027.png,movie_028.png,movie_029.png,movie_030.png,movie_031.png,movie_032.png,movie_033.png,movie_034.png,movie_035.png,movie_036.png,movie_037.png,movie_038.png,movie_039.png,movie_040.png,movie_041.png,movie_042.png,movie_043.png,movie_044.png,movie_045.png,movie_046.png,movie_047.png,movie_048.png,movie_049.png,movie_050.png,movie_051.png,movie_052.png,movie_053.png,movie_054.png,movie_055.png,movie_056.png,movie_057.png,movie_058.png,movie_059.png,movie_060.png,movie_061.png,movie_062.png,movie_063.png,movie_064.png,movie_065.png,movie_066.png,movie_067.png,movie_068.png,movie_069.png,movie_070.png,movie_071.png,movie_072.png,movie_073.png,movie_074.png,movie_075.png,movie_076.png,movie_077.png,movie_078.png,movie_079.png,movie_080.png,movie_081.png,movie_082.png,movie_083.png,movie_084.png,movie_085.png,movie_086.png,movie_087.png,movie_088.png,movie_089.png,movie_090.png
movie_001.png,1.1102230246251565e-16,0.7320835700435214,0.9332574077742932,1.093635589048703,0.4422047997000733,0.4985539065206167,0.754810564378575,0.5345866304460422,1.0196004876623446,1.1041514649215114,0.5182536330908676,0.6476509933397192,0.9615017043198174,0.9818451755277011,0.4691798833538817,0.9593965028304773,0.7478564179534144,0.8191640332917374,1.130095796321357,0.8804140460533522,0.875503039825662,1.2372918431936972,1.2420700736158787,1.0567943077405155,0.9316481665690489,1.1679751074466564,0.7408525195171376,0.696279275558225,1.1674167265963178,0.7517326575261946,0.987720482977765,0.8735867146621341,1.284342076709678,1.3682496500035235,0.9030789964882724,0.9883756908299789,1.1887448418040194,1.3195111373897475,0.9310407262676569,0.9587895524378751,0.7787465110931395,1.0433556549598682,1.0896822131033035,1.090544131590984,1.1569235938367575,1.1857868561920089,0.7412596774327176,1.1266598666862266,1.1987658704539919,1.2819998906609715,1.07023600443403,1.2771221640804389,1.0781734610197988,1.0088869036727517,1.2168885539361747,0.9772012608497623,1.0584478181959593,0.7615241099114064,1.1440655291968238,1.2320661948303644,1.2713017567692273,1.0105083661851313,1.1870254999626388,0.8024220760342986,1.1382161864541258,1.306894193029537,1.1068390486955413,0.8564356113504981,1.2818899895304339,1.1157443802325444,1.0521056015181862,0.8514481302952701,1.0056649683500818,0.9765020210095043,0.668819334397186,1.1816507490063537,0.8368203426524459,1.2085154363463981,1.1058709472763144,1.014164992629343,1.190904175088832,1.1250506348575375,1.206857669485376,1.120461349733047,0.9289139176119614,1.183469231167941,1.1591719877067876,1.1929160522314335,1.0062370208262346,0.9708971782836275
movie_002.png,0.7320835700435214,1.1102230246251565e-16,0.8089619103015444,1.10202023354735,0.7923602818924208,0.7567086518785169,0.594222219287256,1.0699801774710465,0.9664175626422817,0.8810129988013263,0.9020588454813698,1.050532007779726,0.5758358586321325,0.960740117272558,0.978678025231359,1.0781566977734913,1.07330603981733,0.6382426413525855,0.8813234586008268,0.8230220523502983,1.0062484846761537,1.1198424676334344,1.2317883708180646,1.1867102230578557,0.8076905745470517,1.056323427918083,0.7971112541668969,0.990921338817976,1.167985073495903,0.5016183328170609,1.1894874633983177,1.1652188630977656,1.1324398185342779,1.3003946462639653,0.6453534521873123,0.704849186925259,1.3354621739715882,1.4292259552916802,0.45322495799229967,0.8238466898306983,1.1002774342582278,0.8918327656825894,1.0105559734938059,1.2041815005265932,1.3384868442088922,0.9932989816115365,0.9738148675495125,0.8385918000089176,1.3480983548870695,1.471187388031414,1.1883906860728883,1.2965712810462737,0.8568558915175012,1.0299799164494752,1.0022795654868808,0.7616756175479046,1.0400670621542316,0.45891214781022494,0.82868678409334,1.073348473126391,1.3931481827530303,0.9011895471099471,1.2498045044230124,0.9149358460390815,0.9648193475719484,1.2015153544331452,0.8141600852821623,0.9319810105594002,1.3119674723129502,0.92253430370782,0.6524960193715927,0.7673428366993319,1.045083281395539,1.2334680916880931,1.2229156877326508,0.8448081483450365,0.9865505777286445,1.2767543504048584,1.2346827660866144,1.0519560454990224,0.872478196752913,1.1977986839004469,1.065459616936969,1.2894702360546462,0.7973112228175362,1.3491940107723601,0.9340362744257682,1.185040234219814,1.0812837784859912,0.6920057025849019
movie_003.png,0.9332574077742932,0.8089619103015444,1.1102230246251565e-16,0.8555200640529794,1.0804840438748915,0.7817804914147033,0.7888059336772023,1.0429405087047332,1.062380937405944,0.8899477392422184,1.0474728969026115,1.1020812889879132,0.8328681934413537,1.1666587267797648,0.996385991198599,1.140178640723533,0.8866108415249118,0.7972123078289703,0.7760663503093812,0.9801372683694495,1.0364671086818347,0.8056807276435137,1.116641874761855,1.2071940159010917,0.8154481797495036,0.8029855622543854,0.8953079768547154,1.1100654193417194,1.1307897597325531,0.7283647094137228,1.2183189788992461,1.138480040675461,0.8526841067292023,1.0776431586158157,0.806394036727015,0.8222084575898935,1.1559046178032808,1.2234075941062597,0.6320678505387716,0.5932583726372227,1.1701668359091393,1.2259514735632984,0.874086284190524,1.151563100185721,1.191812491050289,1.037352429917196,1.215231028390379,1.065436404200615,1.1830455147654468,1.2233612434362993,1.1437573175825195,1.231075306184703,0.895147320760106,1.033234524638139,1.005520807963442,0.6401143031804866,1.0418747307212841,0.7721492561294185,0.5893976748799055,1.0777632195136269,1.2997364044588,1.0189692162346975,0.7637549882260761,1.14809979535153,0.8295104123467744,0.9622872814499879,0.6820896408379742,0.9111444745007204,0.808516812078932,1.052363889028769,0.8904362359621911,0.9271919881704366,0.9109654132128202,0.9677247498447661,1.1129405176347793,1.1216761016807324,0.9388274728830028,1.0655720036532925,1.2123883193714593,1.1572118327656233,1.0795686420024904,1.2485120178025801,1.2419643911389033,1.2102476832156626,0.9432031977396919,1.241495207484305,1.1247205906603617,0.8830047586608656,1.1642179991659156,0.6916904466393211
movie_004.png,1.093635589048703,1.10202023354735,0.8555200640529794,5.551115123125783e-16,1.3034642433552135,1.2151381554662521,0.9230461845789194,1.3007025188891599,1.195853329528591,0.9910384640501619,0.9956289089625998,1.1816008014264512,1.111056636246312,1.126589880327702,1.0213237415435776,1.1342026955592714,0.8730317597936728,1.0593420317104467,0.640249327672559,1.0723390318297137,1.161971689920528,0.9308447798162033,0.7510285128930068,1.0148073452728728,1.2400767668520103,0.7769854358071595,0.914915149363687,1.3570704963861293,0.6814265091000444,1.0569625160492742,1.0973482820631035,1.169212431156209,0.6440387907726017,1.1452992737386412,1.2041575741534156,0.693739094114719,0.9616886363061852,0.9191008093615414,0.8784118406971123,0.7544776341082275,1.19221995175376,1.283318293920825,0.679369090487153,0.8829370525100512,0.8448504576003971,1.2418563140093857,1.273691220980171,1.1314983520792583,0.8849515392600278,1.1899843761948077,0.8974338669400594,0.7671383266541194,0.7924808445976632,0.9809120359526818,1.1110445589145914,0.971607818480467,0.6773711857936536,1.1081773268415167,0.7284985288633167,0.9513529453508094,1.2467639776858457,0.49558209822182075,0.8754726940587652,1.0979862303473793,0.9929158833140078,0.9907712841610137,0.7123738761613247,1.1692987066200773,0.8790139521863595,1.2353753090567423,0.7169473358714538,1.2821315590846671,1.1685679599187195,1.027137649763852,1.0100239064049883,1.2331056697643303,1.2033104234596577,0.9889252407598643,1.0972805025129935,0.9525804554619817,1.0163118038243966,1.0515797321864586,1.0167494621213329,1.0715938655418464,0.6465209739394493,0.9438730606805276,0.9968857228574625,0.3676068010133883,1.0409208583656187,0.5848083554465869
movie_005.png,0.4422047997000733,0.7923602818924208,1.0804840438748915,1.3034642433552135,0.0,0.7031271068376443,1.020373783165472,0.640070821396507,1.1022845879735717,1.223848229105095,0.5422646892678977,0.7946950302373906,0.9583073433627574,0.9839374922159378,0.6570955713887346,0.7606579748006947,0.9592933806881847,0.9774114447761926,1.1434650905898067,0.9225239428614614,0.8823737212947816,1.238420191084085,1.2124251974970255,0.8779940017566527,0.8529484020189062,1.2206353421087122,0.7347070448447477,0.5480523558829818,1.030498276379095,0.893371339240919,0.8889348411355567,0.7332050683266287,1.2718445245671395,1.2815756306166077,0.8150350139522498,1.0991323382752474,1.212377889622164,1.1574575196203432,1.0044680369423298,0.974174887848402,0.7345671402072906,0.9703961524052283,1.0783093064086673,0.9980648871955448,0.9763234809483177,1.1706931164289365,0.5295692322677185,1.0418535017835695,1.090600527005135,1.2127180132822963,1.058611726618505,1.1268439611873213,1.1154012662568278,0.8757612399552198,1.1483419080714847,1.1832677073456557,1.0938843786626204,0.9043462730536789,1.254032329307447,1.2128124991372797,1.1029687426998154,1.0352642202196969,1.2063084673572868,0.868424750456861,1.290308698506992,1.265606291465355,1.137771604648563,0.8533392745804128,1.2806340881391338,1.1478130694523316,1.115730624097309,0.784403562961817,1.0460467427527207,1.060508422269853,0.8436713592381032,1.106786911644607,0.9399710186698633,1.1657427012888835,1.0709750520284218,1.156599232049984,1.1589948623020063,1.18200988473809,1.1056176589814866,1.1070506522356354,0.9562852649558764,1.1096959746319557,1.1442659599979659,1.1903382953723396,0.8758604706833865,1.0301146100644627
movie_006.png,0.4985539065206167,0.7567086518785169,0.7817804914147033,1.2151381554662521,0.7031271068376443,-2.220446049250313e-16,0.6722023879990987,0.4417398114737716,0.9417207596123814,0.8824015893883259,0.67839881715198,0.6109478130051744,0.930234286391998,1.0789499619261047,0.4345982262148901,0.9795924967187508,0.8117947680805448,0.7350054685249838,1.1099782292126092,1.076154235593679,0.9552429553021574,0.9893181497826063,1.3264633979870568,1.064632600583017,0.685127341552769,1.0488871638531052,0.935247176990052,0.7035077454468031,1.3428757054126685,0.8212753919060222,1.1238886425784909,0.8660824507651363,1.1307314865493536,1.2464303007130082,0.9274097331099903,0.8616458062729395,1.087611707892182,1.295208408725556,0.8820921106703283,1.014339294384544,0.7939688032658799,1.092113261593905,1.1883574419954535,1.2854303474613342,1.285430753142251,1.10597344910347,0.8116658165504214,1.07643331682863,1.2981825364808863,1.3024452754752947,1.1730853340257386,1.386048944920505,0.8575776374528211,1.0597914447117882,1.2701955540804826,0.8233097044544089,1.1422242426058966,0.6699942543726964,1.102775534297609,1.1609278308038842,1.3184799131143916,0.9972211013751515,0.9172405555819432,0.8872417735607226,1.1263548355489925,1.198983993171878,1.0095744715342154,0.8773855755192872,1.2366372601108007,0.9616631089365475,1.1225864925577327,0.8478905459717019,0.8973323854421345,1.0522268666743269,0.8426902689199733,1.028827100382938,0.8311407904096797,1.1869151110338065,1.0556069610851206,0.8355624711917593,1.0975705783783647,1.0760370246264308,1.258657837182264,1.0248899857803395,1.2174609962892795,1.2703496566599608,1.1432297001113907,1.31635477631017,1.0505515027545143,1.0261401399540477
movie_007.png,0.754810564378575,0.594222219287256,0.7888059336772023,0.9230461845789194,1.020373783165472,0.6722023879990987,-6.661338147750939e-16,1.0816749056325268,0.8914821128972303,0.8150513695572275,1.1102960342079813,1.030966571531264,0.8603559609967484,1.0285823552665274,0.7080395142560629,0.9294221628178921,0.7378323412627151,0.43817246283740474,0.9117321315678326,1.1022658454386765,0.9823404184180918,0.8078540925834173,1.2858403167178636,1.2675292254012256,0.7269045107689635,0.958124296119281,1.1438631777612094,1.1481365122615474,1.304781082004403,0.434435703357816,1.269439011002391,1.032256781041901,1.110511060558128,1.2540146027499346,0.6934878522923591,0.6274850806401135,1.127071156036501,1.3638012163061315,0.5333080545414866,0.7310060124467115,1.2714931495544444,0.9632829727246006,1.143746658096085,1.3988775183993194,1.3592486298517537,1.0355312491212736,1.1469022485972271,0.8683539358958354,1.3300913405238617,1.3893001771053057,1.3809369707161596,1.410791422178948,0.7412111588733641,1.0756589758671569,0.9517812543636558,0.6856444652240296,0.8545150402570725,0.4320507507720198,0.9023815929727069,1.2069537972489126,1.3771498596539937,0.7905840092863803,0.9405448241201191,0.7343715816130869,0.8065175286681979,0.8653441288139183,0.6272274423139159,0.9489254813145325,1.2198417452645292,0.9052381073656048,0.8525488551736016,0.9561890232815389,0.9350594501332262,1.1267125578601442,0.9498005137886243,0.8886399102218274,1.131904415454602,1.3914028840642958,1.1439456200885756,0.8048608894904792,0.9160911815667823,1.0468845526762358,1.150386074741657,1.1992731623518318,1.0672752846578564,1.2033464558989095,1.0686305017141233,1.2883432631532734,1.141549036037242,0.8701937888684528
movie_008.png,0.5345866304460422,1.0699801774710465,1.0429405087047332,1.3007025188891599,0.640070821396507,0.4417398114737716,1.0816749056325268,2.220446049250313e-16,0.9798937333202659,1.0543809291861894,0.6046363534030083,0.4105105494888158,0.9826904295640984,1.0521541004903063,0.6448155008133875,0.8987359485065569,0.8931464956078918,1.056711263245208,1.3839088158811101,0.9512562066740382,0.9243361975053705,1.192594210763502,1.133509727123244,0.9876778003881186,1.0270707006364526,1.2731622056710648,0.9696236621555614,0.6580515837073484,1.1718168705699747,1.083155811868311,0.7899306043950329,0.7295190242867222,1.1733769608412696,1.124985666849658,1.0043527762922948,1.2280146613980674,1.0154118591160008,1.0315849208513634,1.2431696592557018,1.174255282573603,0.6798431845184021,1.1491417583047951,1.1739848988056523,1.0805396923664976,0.9583896942651444,1.0371978621134665,0.6984643268218906,1.187090497906647,0.9809963485568249,0.9257601225749033,1.0747359324271508,1.1765171811101909,1.1502810502150604,1.0442040401137014,1.3144753111895464,1.136319918123018,1.258163549090085,0.9883468899463276,1.1744790037261579,1.1214513447404368,1.0693910647557956,1.147342178081491,1.0874038748286905,0.8218971758525523,1.1441720069789296,1.195178641630699,1.2577108408649478,0.7702047017649063,1.127077944988803,0.9879957964438891,1.269098713190873,0.9494315669150042,0.9452040917015494,0.9469382075521207,0.6705469365613705,1.2419987808111967,0.8259059395238895,1.0132263065261427,0.9171003360625776,0.9157256874130622,1.2759071964752113,0.9391880597090693,1.1114561035055988,0.8812760985040092,1.3073915861941956,1.0362025873080443,1.1663776065050993,1.241035204602869,0.9480357746936817,1.0839911208990416
movie_009.png,1.0196004876623446,0.9664175626422817,1.062380937405944,1.195853329528591,1.1022845879735717,0.9417207596123814,0.8914821128972303,0.9798937333202659,3.3306690738754696e-16,0.988359612831238,1.1254504641420422,1.0451905268646557,1.0010009232578303,1.0195259302317599,1.1607720064652756,1.0411222061652936,1.065921553965912,0.769044115091734,1.1577915581763893,0.9913773840592159,0.9402187789670273,1.0289042384697014,1.1000251775437397,1.126331328293768,1.017479626307328,0.8877226342897967,1.215057770474144,1.0044100834645575,1.1964748258681324,1.0110968144156667,1.0648304705687703,1.0198846469700291,0.9107211989180541,1.0356524933908098,0.8513823989573348,1.0400264589203054,0.9206650464088251,1.0597638181015199,1.0041320795187911,0.951207565635353,1.0975226210155014,0.9165728349900427,1.0869480756511511,1.0756576439804528,1.1438757077791206,0.91061655802397,1.0822027886842327,1.0202434631882478,1.1022262204005036,0.8856305965529294,1.092833951033205,1.1564008205463565,1.1443587058617655,1.2453785630347578,1.0220309831589873,1.0029225352749624,1.140461063364368,0.8763555750981736,1.0583639478378155,1.0499682072953802,0.9876527288098389,1.1023438932133593,0.9591916999479319,0.8966827071698439,0.8967701972591751,0.889289995388327,1.0780185321386087,1.0103836957467232,1.1073169574285149,1.0024002168122605,0.9661620554595705,0.9465700494446192,0.7784956610861635,1.005616604922188,1.0981954734346495,0.9179990873084136,0.8726039025586126,1.121715051588531,0.6840921582423879,0.7037681093368885,0.9541661218867898,0.9919910962618915,0.9529372066208593,0.9474841354129528,1.258526338511744,0.8655395931464571,1.0344646856447783,1.2200743441677129,1.1620723757258573,1.151574728350659
movie_010.png,1.1041514649215114,0.8810129988013263,0.8899477392422184,0.9910384640501619,1.223848229105095,0.8824015893883259,0.8150513695572275,1.0543809291861894,0.988359612831238,3.3306690738754696e-16,1.0552511021405364,0.8614981264622943,0.583470828813083,0.9240848850530519,0.9665943489891758,0.9659308410275529,0.8917528319058501,0.9686402329820442,0.8318592094977515,1.0604197131855462,1.0205025571052797,0.9212518004174045,1.0798729949155437,1.2482863583025918,0.8089251617425944,0.9237968374997317,1.2766772406815212,1.1906905217932258,1.0283656463211526,0.977430098364687,1.095952509170913,1.2324680411467008,0.9595910622275503,0.9853678148917039,1.0247569668372307,0.9044528040146955,0.9353834131792084,1.1806336327246127,0.9369386064127998,0.983835673805145,1.1050741759384117,1.1661132608054263,1.1575106755320572,1.2372614425258608,1.06380943133912,1.1221800916194344,1.2679170512934332,1.0374078023925826,1.1755068676991691,1.165015595926407,1.2516977225154433,1.060923864693134,0.689667601390823,1.1361797710906232,1.072990714032794,0.8119666868074922,0.8260664796783624,0.9780650893670307,1.0378817758349819,0.6942176791799273,1.2516181449417545,1.0015472193234431,1.0182452938633904,0.9789297744113303,0.9534148357409193,0.9734494428528906,0.9909524077187537,0.9876623795932371,0.9877862517384074,0.8976934930847749,1.1002013122869212,0.8350631521084046,1.0953302026780956,0.9211196634682622,1.0408361092272522,1.0171695173307451,0.8440824102715628,1.0114623288810352,0.9406918436034422,0.756868985129728,0.8519842275711109,0.927014570315238,1.0555866732583683,0.8837893521322023,1.1426821521279702,1.0427434473575783,0.8430008625241651,1.1122822733651547,1.0633704601616518,1.1174377511972524
movie_011.png,0.5182536330908676,0.9020588454813698,1.0474728969026115,0.9956289089625998,0.5422646892678977,0.67839881715198,1.1102960342079813,0.6046363534030083,1.1254504641420422,1.0552511021405364,0.0,0.6504459386136026,0.9999093480096529,1.1090378336403808,0.5310798010065201,1.0795263044270993,0.952585733217132,1.0137779239235238,1.1754393200938786,0.9073816564883268,0.850354832396998,1.2675364242631209,0.9979945714667591,1.018918074732338,0.9651856644839849,1.1361423912005462,0.6285376569245685,0.6199208647588348,1.0661460689610438,1.0815469247024552,0.8526867272417047,0.8689848422221621,0.9919818755527839,1.1799961168713533,1.108326530558393,1.055516000725875,1.013935714064527,1.170723962757597,1.1125047580677387,1.1363087190497898,0.5983386409416906,1.0669296384685876,1.013611081088301,1.0496726095599545,1.1105262355897936,1.126869581057958,0.7166267903714774,1.2164961740954303,1.0882567473854963,1.0979205157774161,0.8333974629870481,1.142417022269127,1.0497158123566568,0.88023758662517,1.2811567933948966,1.0957295757309835,1.1859596294615715,1.0662052632820975,1.0740427314904382,1.1361598581900312,1.1691373465117347,0.9696957177584589,1.1266422561839957,0.8855377920824429,1.150852704552413,1.2538176390042663,1.2238329862751527,0.859024078455066,1.0895832306990376,1.1310153127179754,1.095106066282533,0.9968056353193699,1.1927683046033555,1.1587394340787325,0.8258913103011937,1.2543404882882,1.0443123966950412,0.888465885859072,1.0001428438977338,1.1055299795588598,1.204323381709159,1.0750514004063692,1.0942053677909667,0.9539156562809029,0.869594603880798,1.1667233164734283,1.1284979883663282,0.971007239195748,1.0608126567632739,1.014351104114737
movie_012.png,0.6476509933397192,1.050532007779726,1.1020812889879132,1.1816008014264512,0.7946950302373906,0.6109478130051744,1.030966571531264,0.4105105494888158,1.0451905268646557,0.8614981264622943,0.6504459386136026,-4.440892098500626e-16,0.8916408993505083,1.0920759713326582,0.7207342312438809,0.8367535624902049,0.7918205787059022,1.0256969158309484,1.3236883948891898,0.9053802483856289,0.9527901867831025,1.261724901071593,1.1223350138777612,0.957951129815801,1.0356941383072993,1.2722004290741042,1.0028775586786483,0.8001114935850574,1.0940505186587286,1.1166139432644886,0.8150036601680057,0.8230851516918578,1.1484085870694172,1.2348017776042364,1.0670624241472484,1.1638563297099245,0.9664608232950784,1.1184121447274211,1.2297838423013523,1.1456520128998549,0.7507013691896669,0.9969545455016992,1.1185558660243575,1.055493274959031,0.929155588937259,1.0106892739614899,0.7740414566005699,1.1223860499769784,1.1125037338976376,1.0220087100598747,1.1312795905148618,1.1402574780207866,0.9865206693938832,1.0125252628776382,1.1988412453736477,1.189759523961834,1.0214664173844386,1.1250096488581736,1.2398585609037893,1.005287724337205,1.1331876013031759,1.0290347470140038,1.1043603365333314,0.7608564425965585,1.052385135536392,1.2072377888051962,1.2134066508825838,0.8345449609569948,1.0770568621380239,0.9436742244997004,1.300180067559459,0.9003418431887222,1.0278953612686768,0.8626595889934761,0.6202711607683351,1.314725542296197,0.8816065465405959,1.0386998384459707,0.9589086577160371,0.8670765429113595,1.2629127590556652,0.9269294108384937,1.2199018278234268,0.8850481725181274,1.178421253701101,1.0530647215834987,1.0564996527638282,1.1536521309679666,0.9584489658847303,1.1076095484805601
movie_013.png,0.9615017043198174,0.5758358586321325,0.8328681934413537,1.111056636246312,0.9583073433627574,0.930234286391998,0.8603559609967484,0.9826904295640984,1.0010009232578303,0.583470828813083,0.9999093480096529,0.8916408993505083,-4.440892098500626e-16,1.0321011090908196,1.024504541087185,0.9734232253159802,1.0997590453826704,0.8856886802633139,0.8617232299096428,1.0042961861585824,0.9413051158995518,1.1223208771660735,1.3055419419606422,1.0586661858923139,0.8566934404293035,1.1801867083576054,0.88765220346071,1.1232353242315596,1.0577344420514267,0.80308788144729,0.9579517051108757,1.1431675070413365,1.093102307989582,1.1181359150722747,0.8017645638294417,1.042964282635845,1.2048834607017596,1.3453147138750503,0.6687154736776267,0.9846151942269448,1.075149224157505,0.9944749992488539,1.1533715009966914,1.3444691760248413,1.1712152217133627,0.9297514117228365,1.1202163259866664,0.8438897071851166,1.2858510349327177,1.2350733897255526,1.1703058893478837,1.1036004857539923,0.9212212447430143,0.9347824295966141,1.0634565332045125,0.6846651306684644,1.028104668884764,0.7895141037526303,0.7594401767234324,0.6535277969008249,1.23621236242946,1.0433190795852225,1.2820246449284296,0.9151194051144143,0.9220392718205345,1.3014026024128922,0.8636684238374516,0.9865464401219477,1.1020064762771649,1.0280355251063482,0.9957301666840713,0.6350681513879164,1.0319853919823037,1.093228251862774,0.9948768119988011,0.9078900424178797,0.9467053014835501,1.1336029773418643,1.2275914087349256,1.1389153941502568,0.6731696731084431,1.2433117824921842,0.8307983542387554,1.1423735048069594,1.0092317027958184,1.2712115878683357,0.8696355322920724,1.053633192805067,1.0186025890959864,0.9288967258095562
movie_014.png,0.9818451755277011,0.960740117272558,1.1666587267797648,1.126589880327702,0.9839374922159378,1.0789499619261047,1.0285823552665274,1.0521541004903063,1.0195259302317599,0.9240848850530519,1.1090378336403808,1.0920759713326582,1.0321011090908196,-2.220446049250313e-16,1.0362315209777264,1.1659123509238567,1.0187690383863166,0.9946603675875203,0.9164947965016024,1.107508701975369,0.8546351108582262,1.091301984237267,0.9604215079675109,1.0624683957487706,0.7991070191449582,0.891195737632174,1.1208073748592695,1.0297479204963391,0.7413800475531315,0.8855010053413246,1.1839880475458644,1.049112052749591,1.0555284190053564,1.045266860175861,1.1749699780462985,0.9627840196431295,1.1238725806359573,1.1104908086861178,0.9432813065825171,1.1636211115720032,1.190948633684036,1.0194918295650417,1.0263959750416725,0.682400868628048,1.1002604673999103,1.1378503599937093,1.0385070153855782,1.0355473448514108,1.089274392790043,1.0902012621916886,1.105813093427414,0.7570107921869336,1.1103711366039106,1.0076335435404908,0.8916751930922966,0.8631207953740284,0.8236655076276491,0.9297899509568281,1.0309743317880495,1.04934863622235,1.0385759641556362,0.9586900712770956,1.0289543468066822,1.1761167459288935,1.0023381089655936,0.8738205669927419,1.0986400438858912,1.0799713865765839,1.1136875681788168,1.008011284149218,0.7892024674313804,0.9642588221247121,1.2348375471937991,0.9432044994911133,1.1164128560609936,0.8066867314917805,1.0485312515757608,1.0324094714339687,0.8272724911734388,1.0146878321320834,0.9076268899809397,0.9433497117881835,1.006848534107402,1.0327518083374096,0.9034262796332809,0.989615673145603,0.7774484686140332,1.136732681238067,0.7929060560212311,1.1181685325653405
movie_015.png,0.4691798833538817,0.978678025231359,0.996385991198599,1.0213237415435776,0.6570955713887346,0.4345982262148901,0.7080395142560629,0.6448155008133875,1.1607720064652756,0.9665943489891758,0.5310798010065201,0.7207342312438809,1.024504541087185,1.0362315209777264,8.881784197001252e-16,0.8866794697436564,0.7048368811266414,0.8038609533142658,0.9922511291480891,1.1726128995005656,0.8284568317133995,0.9363784292740546,1.2248249900273434,0.9000639677382105,0.7005624189799877,1.096834639957771,0.7477597307482412,0.6283840427380634,1.1951231831342726,0.9235473180355838,1.0480435110507327,0.7814351947521738,1.2172766525769467,1.1481146184139155,1.1482366804253847,0.9645227581946493,1.0987757929319864,1.2048602290148063,0.9756180642428168,1.1403398852233984,0.7472396267528105,1.1685583734693006,1.1982779032185638,1.261854269786534,1.2412005536410533,1.278380439053799,0.7695097637073138,1.172020219977648,1.2098135977834648,1.215794224162764,0.9568485189993069,1.188276932921863,0.8977661242754801,0.8598618259780275,1.241183997162301,0.8687768160753875,1.0484444235402886,0.8299965987377511,1.1586592551094674,1.1563469270995845,1.1929335467904276,0.9221222313524993,0.9925718942576507,0.8985861780944931,1.1704122827331123,1.1571605581256854,0.9955820571481798,0.9717444590973281,1.2157703264027995,1.0727222346495562,1.1665200320908613,0.9812386095117149,1.091220247958709,1.00622765986087,0.6541611454486075,1.0068184974588845,1.0750195595365424,1.098187540213261,1.1401098599079655,0.9712435033091202,1.0388649799934158,1.0637653954920336,1.1800865738213824,1.0318642062589667,1.0514522854782267,1.2155865564122603,1.1494793585950795,1.1963492365912072,0.9548851902029976,1.1097761646020754
movie_016.png,0.9593965028304773,1.0781566977734913,1.140178640723533,1.1342026955592714,0.7606579748006947,0.9795924967187508,0.9294221628178921,0.8987359485065569,1.0411222061652936,0.9659308410275529,1.0795263044270993,0.8367535624902049,0.9734232253159802,1.1659123509238567,0.8866794697436564,0.0,0.6842498159392039,0.922223850635777,0.8707390448179776,1.060358588221477,1.0347128829009866,1.0442527585711587,1.1767305795754195,0.6247420278062523,1.0824250035577203,1.2242223797908534,1.0633816268674199,0.8497243376178998,0.853873389130662,0.9289747347791206,0.8818139836188181,0.8809230766299041,1.2207503933986232,1.098209932269263,0.8840760826360534,1.2078281146854914,1.1527607759683849,0.8466394864299436,1.093119113172642,0.8690788331582794,0.902342004890841,1.0343709754533612,1.2259068452938984,1.0680372554342188,0.6315489938149996,1.1412156328617404,0.8046399328197567,0.9370012911895341,0.8223887207863616,1.0296090088160677,1.1215922379739935,0.9273002694245539,1.0269863729066318,0.9716012414455737,0.7558825571283857,1.1790128185834048,0.7645633836732708,1.1039761237779588,1.2379875827464841,1.0633077940394258,0.9766205173163117,1.0889360919601279,1.184333456079049,0.9409519574310892,1.0245057505374306,1.1644244761310716,1.0695183085739441,0.7324067286437133,1.1172753176743333,1.2432962019252398,1.1815157106823078,0.9144416980742958,1.0276712695544343,1.083930335591855,0.7633132857320051,0.9052948677794991,1.232164593913917,1.1785951942067696,1.0613659394064265,1.0667768748542414,0.764171817473047,1.2440241039453594,0.8469621970210888,1.0057730783931425,1.0339324381249289,1.0940025734512748,1.3113120120415724,1.1302087044644635,0.7728750209348192,1.2283062188435923
movie_017.png,0.7478564179534144,1.07330603981733,0.8866108415249118,0.8730317597936728,0.9592933806881847,0.8117947680805448,0.7378323412627151,0.8931464956078918,1.065921553965912,0.8917528319058501,0.952585733217132,0.7918205787059022,1.0997590453826704,1.0187690383863166,0.7048368811266414,0.6842498159392039,0.0,0.7582834695897518,0.7360890793282817,1.1987866256653226,1.244463117056469,1.0796586984047707,1.0015986366230623,1.0433324289162413,1.06139242788931,0.9714732099475312,1.1125405293008226,1.033272386663874,0.8159096862144893,0.9254454956726741,1.1236821067030869,1.1510655474608287,1.0625765508791687,1.1138650552782612,1.0070564972218674,0.9485393768682698,1.1276943380049123,1.0793195674274134,0.9281585923860445,0.7700151510049675,0.9857551806531021,1.0062196785055304,1.0883839072334112,0.9865021800796069,0.8622807471352827,1.083426397614522,1.084726016328711,1.144469440082557,0.9718064079215099,1.0066581822397336,1.214230951476557,0.9710801739280698,1.0314875519536548,1.0972058714830142,0.9704899707421015,0.9974122995666149,0.6906821986134482,1.0202295338850484,1.0755320068240117,1.3119315941218122,1.1074832340105578,0.9198502595064493,1.0955711840406313,0.9262005601145221,0.882843562125634,1.0013161641847481,0.9989696951447288,0.7472760834871552,0.9198996638016431,0.9813284870930652,1.1334547746638433,0.9410530809019823,1.1025949495017902,0.9771059625435877,0.7964544021376315,1.1547422816557507,1.1060207511587263,1.1153930014966749,1.0383649783091293,1.0624420447476781,1.0437746658030436,1.1521143097324185,1.3100491134376133,1.0311142211486326,0.8764204125804326,1.136321396005811,1.164666155239011,0.9486140497197681,1.0363854549523321,1.1177114201100884
movie_018.png,0.8191640332917374,0.6382426413525855,0.7972123078289703,1.0593420317104467,0.9774114447761926,0.7350054685249838,0.43817246283740474,1.056711263245208,0.769044115091734,0.9686402329820442,1.0137779239235238,1.0256969158309484,0.8856886802633139,0.9946603675875203,0.8038609533142658,0.922223850635777,0.7582834695897518,1.1102230246251565e-16,0.7694778331502891,1.1292908144660878,0.8134901732640455,0.8530543399186983,1.2756123898649856,1.1088211918645807,0.7396225482870966,0.9641943094433383,0.9577659428878826,0.855348919091581,1.2953276303590595,0.7141653609100718,1.2539664941120279,1.0310763570470314,1.098173616366047,1.1701081388003882,0.8805358052937557,0.708022502669508,1.0394209431744617,1.3682676426589182,0.47430188244759053,0.9464610418708678,1.1100162843240406,0.7719919966868121,1.1478395273226665,1.2660896285498469,1.4554715207573232,0.8435063352675074,0.9301627019732847,0.9114175882881517,1.3055539086067713,1.2497335818723967,1.1913628398856775,1.3991860167473673,1.1119660991987015,1.0826812980879816,0.8561613124666109,0.5761924174512627,1.14089049196041,0.44351504826604904,0.9389281767919999,1.4177372060516737,1.1955075052184103,0.9321507021816589,0.9819652505931306,0.9581433554188812,0.9000701119751074,0.9608484240768902,0.6584085687934202,1.040209499684857,1.0143887607682536,0.8456502429252781,0.9677077519513586,1.0896506452569774,1.0560608861182763,1.3201650649586765,0.9961046028964421,0.7339831262568818,1.2954745582559513,1.2010408109005304,1.0618701236889612,0.977986762324941,0.7743920049641083,1.1859520956930318,1.111143751195408,1.12144339039844,1.0759244631348501,1.3456780821957344,1.0759643380903803,1.2153847376089988,1.3242743519617972,1.0738794230427835
movie_019.png,1.130095796321357,0.8813234586008268,0.7760663503093812,0.640249327672559,1.1434650905898067,1.1099782292126092,0.9117321315678326,1.3839088158811101,1.1577915581763893,0.8318592094977515,1.1754393200938786,1.3236883948891898,0.8617232299096428,0.9164947965016024,0.9922511291480891,0.8707390448179776,0.7360890793282817,0.7694778331502891,0.0,1.3558276641535234,1.1680894422782462,0.7124569667633363,1.1197458417776904,0.9748970788851966,0.9215872484082968,0.5951908243427033,0.9079398118867078,1.1958725518532367,0.7100903029212586,0.8697775028759135,1.2253438176974267,1.2913574638016274,0.774878197157579,1.0261334910380855,1.1033820071213225,0.649112470505481,1.1749367423436023,1.0644814004434497,0.5952284374496069,0.8066906741673245,1.2480175434070613,1.0936311500238984,1.0175521443248416,0.8929210577379066,1.0100030537559979,1.1742594473935832,1.2431947331073647,1.010773913776437,1.1521642906787903,1.2388815467647896,1.03325551763209,0.8313844451050575,0.8651783156334871,1.1150117362003782,0.8515397730063499,0.5662927664618231,0.7138406042665013,0.8122538286525132,0.7221077545613697,0.9743511168642258,1.151178876970242,0.9035887364633663,0.9915361533739276,1.313679246347763,1.0152065233146217,1.039632126916547,0.6635898561366338,1.0824951630529756,0.9045986331850453,1.1274945727681789,0.8056638782304786,1.0757070452254744,1.110085210298408,1.1647256954671696,1.1450023232356155,0.6882167765098637,1.1538006207237415,0.97190533786351,1.2509830782585927,1.2568949872567396,0.5621376635768437,1.361512825365407,1.058604030775831,1.0986728577629292,0.8335805088675672,1.2815068025661358,0.9667629208120321,0.6753114249827246,1.1055217368658083,0.9698134028577877
movie_020.png,0.8804140460533522,0.8230220523502983,0.9801372683694495,1.0723390318297137,0.9225239428614614,1.076154235593679,1.1022658454386765,0.9512562066740382,0.9913773840592159,1.0604197131855462,0.9073816564883268,0.9053802483856289,1.0042961861585824,1.107508701975369,1.1726128995005656,1.060358588221477,1.1987866256653226,1.1292908144660878,1.3558276641535234,1.1102230246251565e-16,0.9065420266457465,1.2965106698910833,0.8491316864753728,1.1157952507925732,1.1449742884910519,1.427113329917769,0.915919729440041,0.9563135167323287,0.9582365591369317,0.9789450771292347,0.8306376557362917,0.8438957334266826,1.1887020123311212,1.051952390446778,0.9036605615717879,1.139927318775527,1.010807781253702,0.990282355919529,1.0500100312159095,1.0788838655497073,0.9679780455100505,0.9931562359240353,0.7662489997391948,1.0075405423129573,0.9614173724627834,0.9654472366501471,0.912628005704908,1.0121739302919455,0.9351235425660578,0.9250225730121466,1.0258335618047216,1.0797339747904584,1.128444717016656,0.9326714435409348,0.9635393611691421,1.2254617899250093,1.1898994516485142,1.054356833744262,1.0271890498309875,0.8847619658242039,1.004875536711834,1.085958732714415,1.1821093401616762,0.9681207539176913,0.8617812979850106,1.0936247617090211,1.1612531188184632,1.0362366698712355,0.9869149144948322,1.1010231513271664,0.9798817436997598,1.0058804043423015,1.037223326608922,0.9378492066248669,0.9895573950953724,1.2708351767508632,0.9113926735050208,1.063566713436055,0.9366566797507637,0.9429105354706842,1.2286852480460244,0.8874096598343555,0.9590651892601705,0.9248424089832427,0.9229629953388034,0.9589331421048177,1.0627073667704563,1.0480433696544056,0.9543111974296629,0.7726912582953142
movie_021.png,0.875503039825662,1.0062484846761537,1.0364671086818347,1.161971689920528,0.8823737212947816,0.9552429553021574,0.9823404184180918,0.9243361975053705,0.9402187789670273,1.0205025571052797,0.850354832396998,0.9527901867831025,0.9413051158995518,0.8546351108582262,0.8284568317133995,1.0347128829009866,1.244463117056469,0.8134901732640455,1.1680894422782462,0.9065420266457465,2.220446049250313e-16,1.1482084665515204,1.0869963090649863,0.8587978603625007,0.6732936240131533,1.1495175166265923,0.7528195818246867,0.6215835709323863,1.1050523885979815,0.9472188989518529,0.8877164726031275,0.6411179798445461,1.148170806210813,0.9921963134312393,1.1523213447891996,0.994774705677103,1.0157316497960838,1.0866354038605275,0.9740442537653696,1.2855045592833054,0.9828909291714013,1.0584328837194699,1.168562818054533,1.1270904665744668,1.2203718998720638,1.0034188486259366,0.6938602297841098,1.1101302613356367,1.0542833683634565,1.047460983126318,0.9537176527814606,1.1310139998860949,1.2580168935038136,0.6969968927526283,1.0031916847781335,0.9190180244194902,1.242833602117026,0.8564677900157667,0.9572698234211986,1.0935544588145747,1.0343529415844834,1.1113124244461396,1.0342094912129576,1.0384748097503063,1.0236377752822572,1.1617385817972028,1.0488088431451212,1.1201793663143462,1.0645671905686722,1.1535045665492019,0.9616361118486919,1.2157402784356703,1.2528698608252387,1.1943180524537995,0.8179264911618492,0.8404719690401021,1.2235133648330545,1.035345431760398,1.0637597457479697,0.9217725860865852,0.8265170486186234,0.9500936612998069,0.8271828380726078,0.9469774854327875,1.0544595708754572,1.2146940587636637,1.0554994665454567,1.242082926124321,1.0037321648033135,1.167919125067903
movie_022.png,1.2372918431936972,1.1198424676334344,0.8056807276435137,0.9308447798162033,1.238420191084085,0.9893181497826063,0.8078540925834173,1.192594210763502,1.0289042384697014,0.9212518004174045,1.2675364242631209,1.261724901071593,1.1223208771660735,1.091301984237267,0.9363784292740546,1.0442527585711587,1.0796586984047707,0.8530543399186983,0.7124569667633363,1.2965106698910833,1.1482084665515204,-4.440892098500626e-16,1.1682151006928372,1.094249977474755,0.9678064946968418,0.5970293568814201,1.2265217126081345,1.070707846482307,1.1882712042994386,0.9430846707729624,1.1764833995128952,1.1136889422179834,0.9033696979341546,0.9356515416996449,1.0052411509055628,0.7685150361449832,0.9695545166925351,0.9813542390967748,0.7888154420951348,0.9827015467256139,1.2257752890466727,1.0446650734404979,1.0870611247498898,1.0895729545353965,1.1658145311149175,1.0467047583678033,1.1197429558972585,0.9641324813104148,1.1510457725315475,1.0741011296186178,1.04679380709298,1.107916153353938,0.5491089777666298,1.1729898774174945,0.8799769182848838,0.5930872918499863,0.9226345317010984,0.8005188080287566,0.9351046179361637,0.9748131375171044,1.0437125780284229,1.0275631184465646,0.47110856086866204,1.133099557687946,1.0088460868856193,0.593815976665393,0.5593567803119406,1.14395077193314,0.8704948720311186,0.8706979984508507,1.0577058717544388,1.1205020560350802,0.7939797080408474,0.9039268206683098,1.1054635498048473,0.755305933082183,0.979367154512775,0.999021057071105,1.0941618681722105,1.023348317995478,0.9397196780819823,1.0583544350167355,1.1102941886574271,1.0510771232269847,1.3379807959608327,0.9639251073593315,1.0486578471459023,0.9955953616828767,1.1443723136764852,1.0077189530312896
