,veggie_7_topleft.png,animate_086_right.png,veggie_28_topleft.png,veggie_11_right.png,animate_047_left.png,veggie_30_right.png,veggie_34_topleft.png,veggie_7_right.png,animate_014_right.png,veggie_24_right.png,veggie_30_left.png,veggie_31_left.png,animate_038_right.png,veggie_21_topleft.png,veggie_13_topleft.png,veggie_29_right.png,veggie_1_right.png,veggie_24_topleft.png,veggie_36_right.png,veggie_22_right.png,veggie_0_left.png,veggie_1_left.png,veggie_13_left.png,veggie_16_topleft.png,veggie_12_left.png,animate_033_right.png,veggie_38_topleft.png,animate_051_left.png,veggie_17_right.png,veggie_41_right.png,veggie_2_topleft.png,veggie_27_left.png,veggie_26_left.png,veggie_19_left.png,veggie_18_left.png,veggie_31_topleft.png,veggie_41_topleft.png,veggie_32_topleft.png,veggie_10_right.png,veggie_42_topleft.png,veggie_1_topleft.png,veggie_14_left.png,veggie_15_left.png,veggie_7_left.png,veggie_6_left.png,veggie_25_right.png,veggie_31_right.png,veggie_6_right.png,animate_043_right.png,veggie_15_topleft.png,veggie_20_left.png,veggie_21_left.png,veggie_8_topleft.png,veggie_28_right.png,animate_086_left.png,veggie_27_topleft.png,animate_014_left.png,veggie_23_right.png,veggie_10_topleft.png,veggie_0_right.png,veggie_37_right.png,veggie_16_right.png,veggie_22_topleft.png,veggie_37_left.png,veggie_36_left.png,veggie_19_topleft.png,veggie_40_right.png,veggie_37_topleft.png,animate_003_left.png,veggie_40_left.png,animate_051_right.png,veggie_41_left.png,veggie_4_topleft.png,veggie_32_right.png,animate_016_right.png,veggie_5_right.png,veggie_24_left.png,veggie_25_left.png,veggie_40_topleft.png,veggie_30_topleft.png,veggie_26_right.png,animate_023_right.png,veggie_13_right.png,veggie_9_left.png,veggie_8_left.png,veggie_3_topleft.png,veggie_17_topleft.png,animate_025_left.png,veggie_8_right.png,veggie_39_topleft.png,animate_088_left.png,veggie_3_left.png,veggie_2_left.png,veggie_10_left.png,veggie_11_left.png,veggie_25_topleft.png,veggie_33_left.png,animate_038_left.png,animate_025_right.png,veggie_15_right.png,veggie_12_topleft.png,veggie_3_right.png,veggie_34_right.png,veggie_20_right.png,veggie_20_topleft.png,veggie_35_topleft.png,animate_033_left.png,veggie_39_left.png,veggie_38_left.png,veggie_18_right.png,veggie_6_topleft.png,veggie_39_right.png,veggie_29_topleft.png,veggie_34_left.png,veggie_35_left.png,animate_003_right.png,veggie_27_right.png,veggie_5_topleft.png,veggie_33_right.png,veggie_4_right.png,veggie_12_right.png,veggie_18_topleft.png,veggie_36_topleft.png,veggie_42_left.png,veggie_23_topleft.png,veggie_9_right.png,animate_088_right.png,veggie_11_topleft.png,animate_043_left.png,veggie_9_topleft.png,veggie_14_right.png,veggie_23_left.png,veggie_22_left.png,veggie_26_topleft.png,veggie_21_right.png,veggie_14_topleft.png,veggie_2_right.png,animate_016_left.png,veggie_35_right.png,animate_023_left.png,veggie_29_left.png,veggie_28_left.png,veggie_0_topleft.png,veggie_19_right.png,animate_047_right.png,veggie_17_left.png,veggie_16_left.png,veggie_4_left.png,veggie_5_left.png,veggie_33_topleft.png,veggie_42_right.png,veggie_38_right.png
veggie_7_topleft.png,0.0,0.5687520292642552,0.38572329348872136,0.44402744953977824,0.5003101106592329,0.42056237021915743,0.4741630782255035,0.13575436040218014,0.45191276762460764,0.8101646589450685,0.4816269173222,0.2513647429551784,0.4662194280690294,0.2919820498149296,0.1000671965625739,0.6885184600680851,0.3226060897500732,0.401199337242225,0.4452318984202087,0.31590056822218826,0.30686688858266264,0.2720002015696843,0.2802373908850063,0.18850118177190123,0.4251956338199564,0.4310937545608743,0.21047470097576704,0.40788551134498696,0.5769644471573523,0.6344748208863369,0.319620728087597,0.6956032404949873,0.5046009122995773,0.4192713114256673,0.5252334341123197,0.41190662033565484,0.37503113361904883,0.33760216591906667,0.5527301080987683,0.32204547155902674,0.3449516188892503,0.4845403867649145,0.47634361032462125,0.17727332570870213,0.2342403958520769,0.6656686995802471,0.3403001530533777,0.252779871902887,0.6337906404623523,0.5045204948016505,0.4295086468106556,0.19153474450933328,0.3050067500166035,0.1692177126114741,0.5725350069067241,0.5899363196291254,0.4974114201084249,0.4589020204487715,0.39086106760814243,0.292495440350128,0.2174723117248356,0.5965030512295113,0.34937501530717563,0.16862986149248338,0.4593697892256403,0.2895638216735741,0.251538187202037,0.1805892971078643,0.5304461567122403,0.1877115483126801,0.45235531896787884,0.5561219107738231,0.12425994443024413,0.31283184646340556,0.6853580701654463,0.41593794954702024,0.8744904659854773,0.6817968605201191,0.1252348129077835,0.45335943815803215,0.4678155852672997,0.38431255724046665,0.4426660572123271,0.5275577585689681,0.26825600791384163,0.32151568517750606,0.375893767961339,0.5256951517861879,0.2572360321999775,0.10699535738072363,0.5588368470935363,0.3595553564158406,0.3261157742089419,0.5862881687407333,0.48240687029424933,0.8738783871115765,0.7544357575264233,0.45474934614508655,0.5871100797791127,0.5572930000800159,0.35175656964186486,0.3927646779540549,0.5147543666391912,0.5805887269732495,0.1963544178306662,0.337175029782235,0.43830824821414416,0.12422282493735193,0.33980600539632744,0.5487030788282395,0.07711553274221628,0.12160355075859319,0.4519259729837223,0.6149125637994322,0.33185621380966035,0.5344801731086206,0.7168402304460901,0.3883642852117516,0.7091919385161236,0.2601761989908984,0.3420179194268058,0.3824397075390926,0.4872820007930162,0.1803846109194719,0.4057887108061984,0.5548136652913667,0.610101567927555,0.4553275214132212,0.6117417902406401,0.6025328066933759,0.49952846539652696,0.4801987142059413,0.33201158813615594,0.5718950160989325,0.19106133549504023,0.3240179007568179,0.3042112467742787,0.70284658086363,0.3011403562864806,0.38640319096842846,0.6298687964544851,0.18615937611230127,0.29973119733197096,0.405254535304284,0.45057239834606266,0.5338736874651109,0.6333988630040099,0.24713694695919952,0.2820330527245163,0.397995223024062,0.22263159084361683,0.3659739139781054
animate_086_right.png,0.5687520292642552,0.0,0.7022182576472084,0.4004744435692128,0.11362030218686403,0.2757044824617755,0.38812156719993895,0.7710733720325232,0.20668765365275665,0.8955568839382607,0.5011928920853779,0.5258343364099763,0.36152046229234913,0.374080306453639,0.45606441088487104,0.25915261662943434,0.4664171835184202,0.26092002553483074,0.5770346587493289,0.2914475722794193,0.47358207191106405,0.4541095057959198,0.60473064714066,0.6951843101545059,0.5057769854831564,0.07344287237287817,0.416431738674532,0.22669384192612774,1.192395003749091,0.6532881930629988,0.25043340763601696,0.4585772950078191,0.1755196204035323,0.42188981693782757,0.5945047908831893,0.556009006193145,0.3670693222040111,0.5930605128761406,0.5188813616359461,0.2785635738595972,0.2766750184943123,0.34130922027471455,0.6448039375443427,0.6402336067391983,0.8039771543861443,0.9852602279923591,0.49719485281507336,0.6653971118406998,0.13342273729452625,0.6203311596785758,0.5215161771010384,0.5744012356486794,0.24226504700765206,0.8058706981573891,0.01506407147839417,0.4155378710643318,0.28578370484350735,0.7970770854059952,0.3800414561026657,0.4293445780358319,0.624239321575636,0.8323901617217333,0.3928049572606619,0.5670487499160615,0.6057416736625447,0.3067939900147978,0.5087289895587972,0.6567165906736343,0.154047250050229,0.5754283608658937,0.21565470461141345,0.6647609409584088,0.4898564988141477,0.6457249500327014,0.16070986692757028,0.18369784916759313,0.9297269089099052,0.9556934401481534,0.5547575570886653,0.1664407661649523,0.12123448753386257,0.1531446550942982,0.7497007584908708,0.8643356037097903,0.3565052828120441,0.33586920802973874,0.9416114265051093,0.23082184600140399,0.4219598412685234,0.5697968579041947,0.12923241255009532,0.4947424520612129,0.4231113407573547,0.5994173861884761,0.3229546004482766,0.7094202225260058,0.6607026689159664,0.29784896854525733,0.20401978563559275,0.6074932369654891,0.358717727971562,0.5137077758502622,0.30595377748715624,0.5750045317726495,0.3466543402017549,0.4639180029112875,0.08969997478888525,0.5612640282544172,0.47522866111888307,0.6372321270456744,0.6125368135132804,0.52261690939553,0.16996686948143858,0.3162287946505101,0.5542389339354366,0.09676022448119503,0.3975721759821993,0.19008014823019703,0.6726014776023841,0.7128570821120865,0.6006872990286101,0.4300518764327639,0.5323544729131406,0.39259203251943064,0.6801221442555878,0.9772069801889097,0.13797825311034329,0.35126497681950053,0.137490645381532,0.8551494593305659,0.32504994542621934,0.7477654141411169,0.31433331405679,0.4152844863926578,0.5217968344023489,0.4526521524239425,0.4120676551137109,0.18819157009219656,0.49431643916942625,0.15335243490575212,0.4097428195610756,0.8531154630503159,0.3128888418613679,0.41726307424788445,0.12716326744661677,1.2068286944825504,0.7478938197854506,0.7501111390690255,0.27750199086904326,0.5031880562047903,0.3116188088861972,0.4816220768728039
veggie_28_topleft.png,0.38572329348872136,0.7022182576472084,-2.220446049250313e-16,0.49196210827198716,0.6252344479052254,0.440796526462527,0.7135522613156329,0.24734196652697926,0.5781684313708727,0.5785710109068936,0.4039689047088383,0.4035653124013221,0.4861195136537362,0.5997211096384376,0.32995980432760375,0.6072157388443619,0.30485292222365745,0.7803020816845244,0.36444730705776684,0.5213522214688942,0.49177308523450436,0.3219890394674694,0.2583253819763336,0.4010723214235946,0.6164625924843394,0.7821606378391096,0.4990261743459393,0.7387250852330878,0.42120741666137473,0.6087894176065679,0.4930771262322876,0.47443010065309166,0.5534925052609536,0.46421241062932406,0.5759391668414295,0.4892579677987361,0.5964756354750425,0.48336266688258567,0.6471428876929903,0.5556173110378244,0.5081183752321623,0.6745066033892524,0.7626293133602097,0.27091488194288205,0.4595391167108478,0.59094185828781,0.40798464867337814,0.49494740360897416,0.9155795230696026,0.7574202848601257,0.5076758009558713,0.399750049816176,0.549242940360413,0.3613577344930027,0.6488178256193409,0.712513581565414,0.5839832767625042,0.4360956075271939,0.6284457512664877,0.45178125047789797,0.30636242978529826,0.5125211078568405,0.6748487133818819,0.29842242765687754,0.4610285050245574,0.5424192542084993,0.35470062885766696,0.3330690788908087,0.7188272351216767,0.31857872341751625,0.8396728506294482,0.5852312485542261,0.35877806993736916,0.36300082362524155,0.8223757978720738,0.5269836905944327,0.6279929629355172,0.6545365770909023,0.4443273489696943,0.5100147514063329,0.5995222305034447,0.6392988506010951,0.1964901755210604,0.4297246275311116,0.42329449282523357,0.4546906142998728,0.39206985686206886,0.6996418509487434,0.4249220163456451,0.4264398720322172,0.7338751500744976,0.3498014267833409,0.42112745266022655,0.6421128874660228,0.5845615746184893,0.7290355866438083,0.5159088244329011,0.523574303700209,0.7539504760948476,0.831875439703407,0.42071628197080246,0.3247531078208752,0.6827424832253228,0.6331857378222242,0.5552327137358035,0.4748268123166608,0.7511535085601706,0.38943457769464696,0.47114915692945236,0.577277940041268,0.4160311628714235,0.35585137903001585,0.5662569623329514,0.6783654861936089,0.3533740212597065,0.7113212212461802,0.47887264973384924,0.6248609020255063,0.519248433593168,0.45670980748276835,0.54940428492895,0.5373623651752589,0.5995921401167292,0.3476972347352997,0.35765853539010417,0.4357436133606024,0.7126840831679315,0.7453818474372429,0.8567393556960469,0.6160181470196193,0.6725803847821905,0.34704416658425485,0.5963110563138467,0.7169476686791465,0.3594970416581076,0.5607593632211241,0.385315641596797,0.884924364432068,0.3687570673555173,0.6672138481533081,0.6085616831740692,0.29013405721215046,0.49519344016354916,0.4463679643248889,0.6441064606433566,0.420143226930778,0.5830940929185968,0.40402579512743575,0.4656694522081266,0.46492928237608444,0.43636428992613063,0.36010317563182903
veggie_11_right.png,0.44402744953977824,0.4004744435692128,0.49196210827198716,0.0,0.4814009804133943,0.32797939975381385,0.4351391505110247,0.40376225638237573,0.39546752986358535,0.6655422066290103,0.5523524666069981,0.22234838468081275,0.6645758023388688,0.2963246147695989,0.5177019011864636,0.4673810063252921,0.32498862708337073,0.3977071019074181,0.2592103039257392,0.22129134694336672,0.24850322016312498,0.2741898320780295,0.4139816671585773,0.4612963952845901,0.23363975783256652,0.403846623946036,0.2555480714188417,0.36954036656116973,0.7518067659916797,0.4773000527436778,0.3150108373502538,0.3890333527217674,0.22750044262369584,0.2569740317238378,0.5003856588384135,0.455672321530439,0.2734426318895177,0.5617601318978958,0.7384888152420128,0.3705851211946072,0.30757075276527424,0.34747639258758245,0.3881482900823219,0.3195929605890493,0.5694337733146446,0.7332575383986173,0.179174058053037,0.48867622464465865,0.4095303764031699,0.3307054310182438,0.3808674937930209,0.2407928845160947,0.3249785926918014,0.5607301483222569,0.3472372134387993,0.41325719560334706,0.42993750207605175,0.5478811229078703,0.6127815263817797,0.24469004063595423,0.5763188845271889,0.5590126456033905,0.39806742383957994,0.517808468346407,0.2859842027856009,0.1791614006824972,0.3135787438288141,0.545675693274148,0.5247910305401138,0.35001527390517784,0.38650517976443466,0.4400182596318103,0.6122409423227134,0.3370039472128844,0.5546499659431778,0.24523517438922093,0.672342333998252,0.7389308431249959,0.3844995509755561,0.2890171475823422,0.2173477093631132,0.41864709653825505,0.6500043339853019,0.5148127961725386,0.22686547232124532,0.3860871204180034,0.42448748842742956,0.48130863290097603,0.24871272588058746,0.43995114885347986,0.416952655808395,0.2630082707324225,0.36469396919437225,0.7917055032439924,0.02620890516447938,0.7621060353210435,0.5123952556072379,0.5728671294097125,0.5699942286024988,0.3934743513618023,0.10209038224516198,0.298388909605661,0.1782199391415059,0.397663010608188,0.1772427890117193,0.24713369101249694,0.3800349923368075,0.3101711328504615,0.31169238010970457,0.5332508571694914,0.49004196332484706,0.28147570176729886,0.35422060088933316,0.2675218779474915,0.26097065407522635,0.5292271615752395,0.3741724212224553,0.28905389696605976,0.41104353331771093,0.5246208339099052,0.24215454440776274,0.4599498490821149,0.2919263488899845,0.21579572081049647,0.31708772305015587,0.604519233781845,0.4256129325199003,0.14674546610357797,0.34328403086796355,0.5468985547235787,0.31317594214115707,0.5329060979145153,0.25679697750323016,0.4939602672816018,0.23201107310577573,0.4155603396001628,0.34390075484049343,0.5242885975883129,0.22575307346528128,0.43673937844180355,0.479927455580209,0.5588005968266749,0.26424157287378847,0.28945627213187486,0.47581144968377886,0.8287930375833686,0.4972574165482804,0.6224813942453514,0.22158161508069474,0.35286651495614685,0.22910018971118262,0.2957062283854244
animate_047_left.png,0.5003101106592329,0.11362030218686403,0.6252344479052254,0.4814009804133943,-2.220446049250313e-16,0.36057023435872726,0.5010387394743372,0.6317251067954606,0.18258241134186814,0.6723137213560746,0.5007183171373173,0.5120918537477316,0.20125401428066148,0.47596670401488783,0.39519977006478835,0.4262232376004792,0.3400180584346435,0.28691450732375146,0.4168176347140474,0.3129364159676423,0.39786019603966416,0.3270527335786342,0.5303438919065819,0.7488451173723043,0.5949569979557223,0.1470765078388333,0.44095688566221236,0.17258413656705462,1.0126816994354197,0.5175313435016329,0.2647116610833332,0.3952151791976042,0.20355549129302686,0.36047892828118144,0.6197972460392173,0.6046517637163866,0.33387332833487227,0.6854184606813214,0.40684860073824336,0.26697130789119894,0.18609552081453973,0.41887590623719473,0.6772892963186506,0.5352848521338978,0.7328629616735625,0.7855538179009873,0.45151026209723766,0.6661229133396428,0.22433904572506702,0.669999078322767,0.46259556563196824,0.5993432824886638,0.23153406180765412,0.6691186728637089,0.10851136977919129,0.6557774224333006,0.2711194500116556,0.6241961997016932,0.3950595691917239,0.3686971389761635,0.4535858946558411,0.7223336893524613,0.5381263827388998,0.41666908719344053,0.47958459696845424,0.28904890404417927,0.5703688284416017,0.5274144124318603,0.2240845065035375,0.5562339304003386,0.2388197544216768,0.5296331081222327,0.5161267973407996,0.6144062003834043,0.13722890612662986,0.1871192363253641,0.7277663392986586,0.7925705899471536,0.579011271394112,0.25650495137019325,0.19468170758199077,0.15224508603249154,0.6148436074630834,0.8758431193331805,0.295360225039177,0.19264759032898182,0.9471832614998985,0.14074031124120667,0.36123159640502744,0.5671340408546511,0.15728717320322694,0.40825631166548293,0.3374101184746714,0.46097175566020143,0.4766353526732593,0.6461519166001308,0.603927004336277,0.1930102122042726,0.13016419766487952,0.690798354417409,0.4852106532468212,0.41852829512993284,0.3882490229071919,0.5547182618207973,0.3630848271013539,0.41442845871443457,0.15135836466891428,0.49065848133774104,0.41496283176646864,0.6204967007273419,0.6222420451490999,0.45792821246148796,0.3231220998015851,0.35323530179300044,0.4236321627763815,0.1188553199764264,0.3432943021184621,0.2632790407945925,0.5952272854100582,0.7837465584386427,0.668200041415919,0.5027131865603305,0.49341378709765504,0.31957941877262686,0.7119194548363952,0.9693046144388784,0.1293063571253621,0.513767196841505,0.26837407602051067,0.9001569922276131,0.37815774568313687,0.5320173144915321,0.3782923627661994,0.547530736357827,0.5609415704673933,0.6281304311015371,0.3259186515159799,0.2035851592293173,0.39045556113193414,0.14791896445312902,0.41952928197315187,0.718284988551803,0.30801806985488833,0.3507374116571983,0.024119234551069013,1.0156066144467688,0.6580712317996009,0.8192689202730584,0.21572692144398653,0.5206343685506524,0.25011579890645796,0.41879627454665225
veggie_30_right.png,0.42056237021915743,0.2757044824617755,0.440796526462527,0.32797939975381385,0.36057023435872726,0.0,0.5224774666075912,0.44018899473891704,0.2937192830763026,0.5754838068189396,0.1061834593657216,0.253162945014745,0.37387024021530657,0.3473694246519714,0.338474875017276,0.16503208051479268,0.3349634492671625,0.24103299910264164,0.32087917068920113,0.2697929467095891,0.4698763954953208,0.28913195300647754,0.452765690794781,0.38222911668479975,0.1595291634165441,0.23849714394850052,0.33992342116162544,0.39951419681715583,0.663543814945107,0.28096643768365415,0.3668526736450015,0.377661896691298,0.3468644030682324,0.24177888841721573,0.25944392981949027,0.3420622942467926,0.304812737316974,0.38841390484344895,0.26298559472170424,0.5024684014995326,0.3450531855866735,0.2964482135147233,0.5669468130396791,0.3370860663594857,0.46767823451960155,0.4441723138786069,0.2954865449043811,0.4589296253390279,0.3332107311894015,0.49087612041845186,0.15753484555260844,0.20027474419534375,0.4327238349418936,0.5768869234139578,0.2697228844188022,0.5092521861866715,0.27082085777076026,0.49240272599849955,0.3675326940046737,0.45914296668251187,0.3560924287678984,0.27534237239585657,0.49288274105800467,0.3355870025363581,0.3136358141355552,0.36009162596936195,0.39698169536184846,0.3688616625303145,0.3045788525161345,0.34901321065543844,0.35510798382461595,0.26302192730140594,0.3757548899979848,0.3685170587012486,0.3352448075408683,0.39588475061986395,0.6068928918757223,0.43115024910604005,0.43012498970546276,0.22785965438463351,0.3098499689132489,0.22066377387425695,0.6001267806898242,0.6254673159242623,0.30071922769965886,0.36168397470888924,0.49411688982024005,0.2614047046369484,0.328733746002724,0.47358818717762163,0.31215737376782793,0.21749699309930437,0.448114445827583,0.35191606159345434,0.28363451307031706,0.37200706102257586,0.26765640710444316,0.33564110537289105,0.29997490788641745,0.593810795842543,0.31686403327948265,0.23063180360965996,0.385395922257631,0.22575653730909018,0.2582103921505231,0.30315964871509393,0.1833471727104401,0.3433679596723488,0.34182386370647255,0.24392259034582964,0.4427632653902762,0.31698704285717205,0.3258241161507769,0.5163716217150387,0.376656768644242,0.32610397702118676,0.32894834961772823,0.4410931774067901,0.26967644035121663,0.44167715432912424,0.2720100497574198,0.2629226224399116,0.4296418754711905,0.34399972439061177,0.33905499258276195,0.6639922018108828,0.29702032323013505,0.47580324509873584,0.30408377795396135,0.8095893664784933,0.29563881843356954,0.5505302797410105,0.33102637424865533,0.6536668285487455,0.19293374402943297,0.4645753437095177,0.3890608718448222,0.3318446409496787,0.3311888972994793,0.2625183911537122,0.2037760000793407,0.5617509553584117,0.41966907944722753,0.25490528121448885,0.34895586462971573,0.6987747502854955,0.24333046283312265,0.47562348489234085,0.40696769609096284,0.17663506705958476,0.30247816907284686,0.3069114412908809
veggie_34_topleft.png,0.4741630782255035,0.38812156719993895,0.7135522613156329,0.4351391505110247,0.5010387394743372,0.5224774666075912,0.0,0.6856618692126011,0.6277443356939459,1.1119815566644524,0.8034292327772777,0.40726034553841894,0.6216311845424558,0.12426831456285847,0.5214819892211205,0.5295695575561451,0.49689640538381863,0.33001161163408044,0.6123997308695044,0.14563991847632618,0.27401114106134083,0.49269712385330533,0.7704430341117796,0.5436304055027262,0.5699861610757936,0.3655290205335582,0.364576762570043,0.35497068889156147,1.1012709741277749,0.8110587913964289,0.18322658144289727,0.7417623090874143,0.2986476617936583,0.6728847327719275,0.6134917698969886,0.35006168871400023,0.3170656094459926,0.3772608440937807,0.6674690871019655,0.27389392628269427,0.3288261173460001,0.25005643581760806,0.4603327005709441,0.6175637572138517,0.5166061872095231,1.1026534571952071,0.36906826768520207,0.32395446833779096,0.45827350472660455,0.40319460441357924,0.6872245948321626,0.5530783800698995,0.3123724530515666,0.6459392756927196,0.3686559407512665,0.1903205352958306,0.7365159091052819,0.8712768018610124,0.5368196674977403,0.23005603874311142,0.7240349541099222,0.8070787723228562,0.24586714786747343,0.7074116897385392,0.6129559664851814,0.2886888044466386,0.3068093193554037,0.7217369720394442,0.4969770712580608,0.4193472741162334,0.34647728420256996,0.7946057178747472,0.4629019861362532,0.3928617048030928,0.42235800639542487,0.24694482013383023,1.1809712468015265,1.070378825704178,0.29927822942259186,0.3162581231437501,0.2708954564790764,0.38409954631514764,0.9604700094553938,0.43717802567552944,0.3175069514003074,0.33784862405073157,0.8327751699688393,0.5761890990238412,0.2851509031520004,0.45630960008728505,0.5624431109146191,0.5988893933629398,0.27075847359847194,0.7640795768958142,0.3728524748338976,0.9059101910021758,0.9643858097879858,0.5044992325628006,0.6004409877901107,0.38884402947111796,0.3023999106730937,0.6433792981072628,0.14090643584042306,0.7789360462945666,0.35985170811857936,0.4066473301035788,0.4005234873018,0.4096940039042458,0.47983269345620083,0.701256938634664,0.4965605332713212,0.4315645547753749,0.2771709789099497,0.22289975080403224,0.44383735043992134,0.49910976972451204,0.6847712265695829,0.23935460431418665,0.9387185400512575,0.41129314044107423,0.59384660310117,0.23276666131513368,0.48796227038222995,0.3687919548216726,0.740896683021739,0.4713184266346946,0.6199474109793037,0.23420931268507594,0.3806940021808005,0.2673953339360331,0.28153625919685343,0.9036680851080771,0.20351856490368836,0.18255359140858107,0.4749061693676887,0.17335305837836257,0.3078498791921155,0.3827687287864644,0.4302440753764639,0.31080141868722155,0.772470021522244,0.6821269167423121,0.18799021218202738,0.652773363262104,0.44574243189289464,1.1839092602849894,0.8055181865911142,0.5212168773127286,0.34015156650899114,0.4622312070198802,0.3150887413094309,0.4604839650899252
veggie_7_right.png,0.13575436040218014,0.7710733720325232,0.24734196652697926,0.40376225638237573,0.6317251067954606,0.44018899473891704,0.6856618692126011,0.0,0.6222104982143548,0.6802724741410877,0.46648862753750475,0.2011013490264043,0.5830330607004568,0.4574587615635082,0.185631376903018,0.7962798020740893,0.26270229397896505,0.5541029248359255,0.23624632093970632,0.3922980783176142,0.31839347052334066,0.2158910300029443,0.16911293470584543,0.2485346732556306,0.4478255222023646,0.6944136202983,0.26640942919036814,0.5818913520630056,0.4081419920886281,0.48882785288551533,0.46668414650903445,0.5799247853025279,0.5755720378648606,0.4188698986472552,0.4778565085625316,0.38612828132978205,0.3877715040946871,0.3863599359257541,0.5550580400083068,0.5552885956387743,0.39850483010766224,0.5436333743721662,0.4677598230650144,0.04127451610192179,0.20913583325868823,0.48903921890473034,0.2584795789297074,0.30267086974588875,0.7932174641807308,0.4808730993585282,0.3837631614042333,0.16848961936832862,0.5123016073799629,0.16454477091237918,0.7524204449337781,0.7617991090459261,0.6226882427385962,0.4103799520106698,0.47115067887836015,0.3360226949661437,0.18610691918750144,0.43470552079132097,0.5127305958186821,0.16515413857342798,0.2849870257651491,0.3644785446523564,0.27906241236644214,0.13652774325451977,0.7065788108912348,0.1482802939819554,0.6472757120434822,0.4056421834106747,0.26041972269048497,0.29074338212356265,0.8438287383851399,0.5585783136495859,0.7393084709681561,0.544024434350263,0.26706130899037117,0.5356674366585049,0.5999188987372451,0.4996210085456103,0.25632854002144645,0.3893015062075683,0.26158831044262787,0.391278669792232,0.28118391557000355,0.620164717202814,0.26512599393484404,0.18509864665564146,0.6929014904953208,0.2349348371808504,0.404320750340579,0.5625796563852061,0.5099576084656374,0.8378384080751009,0.6277248514779956,0.6203935421651223,0.7150922140947276,0.5744016569063893,0.3864130830245649,0.2509265194178347,0.6064063295109405,0.5317500531052384,0.2805840407991378,0.24368805583540754,0.6637487640335908,0.10234530282245669,0.28546971459806403,0.47962070078362085,0.21290977496058328,0.09786681877639769,0.6618148799678905,0.6824588221067563,0.18238561102027961,0.7408342014242506,0.6029510511060125,0.6400100427394171,0.5691345964493841,0.299031514150481,0.3642135375765433,0.4683474944299163,0.38139860634311384,0.22412735886603863,0.3719386397905282,0.4046852953753315,0.714261579647742,0.5639215269239217,0.7691792326086266,0.5975520457709098,0.5137081008797048,0.4183063245268549,0.42921085514779167,0.7879186723041844,0.20160786176456935,0.49745276622482293,0.3579737185296664,0.8507703881165085,0.17571419621490736,0.5323919751047912,0.6424549229643137,0.13183097856691584,0.4381840612768817,0.4345925529216741,0.6133321729473021,0.40183064892028675,0.4780073997126364,0.28507835801366843,0.39703664762283875,0.4102866869360279,0.30330252381248224,0.25400893776875155
animate_014_right.png,0.45191276762460764,0.20668765365275665,0.5781684313708727,0.39546752986358535,0.18258241134186814,0.2937192830763026,0.6277443356939459,0.6222104982143548,1.1102230246251565e-16,0.5065490634748891,0.33326922045107643,0.5505023497599623,0.2904514454970273,0.52352437475815,0.45527890197054144,0.2904284065747095,0.3463251163459956,0.4534823796322772,0.5186056604431263,0.44856830962689787,0.5452553017294529,0.3311674540803179,0.5987361130849681,0.6252580523486002,0.38883481486170623,0.21976999864058389,0.5265755780160556,0.27356376832044993,0.7820490478384605,0.4934243899558155,0.3724165098725001,0.48524221150146607,0.3254429914951601,0.24907775801249976,0.5372723806412913,0.631298125029949,0.4563092155543599,0.6823481858940565,0.5897929267645055,0.3323403845973327,0.2972417326956457,0.6178984081442425,0.8508004693506392,0.5633619577810328,0.820899084635752,0.6509694449167077,0.5549068800699269,0.7599278461900659,0.35206462720791454,0.7773143895115842,0.3817426574653111,0.4386707099792486,0.2722403275214409,0.7616409001673232,0.18199073033637958,0.6782954161970014,0.031306346429660015,0.4616136506361129,0.5967958034361436,0.4956843010827937,0.5272830922380674,0.6264851910769356,0.5771561323383418,0.4437650748488071,0.5362018757158242,0.3950325578833144,0.6381931648203385,0.5776830701305886,0.35242942311064274,0.5941915808801497,0.34869461725041906,0.5111272555498778,0.49541937992215224,0.6097269467200677,0.3577614408063722,0.3271530530095158,0.5156903942774115,0.6502152779701126,0.4994271706110074,0.28045371032513644,0.2573472284767404,0.2535482451967245,0.7054990574800364,1.0397382398222914,0.44747100736114764,0.31406646037238584,0.6792370788729628,0.21363191127872871,0.5079939305710905,0.6132900452285166,0.29339046072492125,0.34672717424251054,0.45690681084101203,0.634461623009095,0.38624548753894006,0.5313974859307773,0.42579431760894015,0.23746905135681717,0.2316442824730366,0.888287845241518,0.4000999052012505,0.3410729994240026,0.45707395158120256,0.44119103699057727,0.39514075657149006,0.5640257565961799,0.20793278132308368,0.5884161082903996,0.46548853442907834,0.49062475547201323,0.5809689800159832,0.5527659689362946,0.2410460061464843,0.45527829094997163,0.6092409888770305,0.26631428764986,0.49060307888820964,0.2902548550169106,0.37288143942417595,0.8037133812584818,0.4234395407909437,0.5264931944905145,0.6919247042866112,0.40975944878505277,0.519320678038513,1.1070265813140798,0.25247791199808445,0.5661075679580527,0.3581486869871635,1.030767865297466,0.5733817444764489,0.41090459254988354,0.5355188251932358,0.6348604797555137,0.42445138990865705,0.6746507124796719,0.4401038249735666,0.4250412768199321,0.5477502524959645,0.29050738448165214,0.17840580909827075,0.8062404218277626,0.40529425418989484,0.24037903912443648,0.19051836228228303,0.7628567723878621,0.5478993899131281,0.8080107234611359,0.31393614401753067,0.4044820972213793,0.3545171301019059,0.5069801381650236
veggie_24_right.png,0.8101646589450685,0.8955568839382607,0.5785710109068936,0.6655422066290103,0.6723137213560746,0.5754838068189396,1.1119815566644524,0.6802724741410877,0.5065490634748891,-2.220446049250313e-16,0.42383571885239846,0.7826063086769448,0.5402638181057126,0.9657006878613617,0.8659459110091439,0.6955957902974959,0.5089926571775958,0.9290202864147602,0.41948832851880846,0.776620921246038,0.8215069506383701,0.5201886663756202,0.7191738284735183,0.8498241882413233,0.5429835764649891,0.7945716555133415,0.8472708763853292,0.7797614578441296,0.40998407711468465,0.2815409666881258,0.94980528264731,0.5974636788002364,0.8527498805264478,0.3797916494691115,0.7130309360800062,1.0471191521806202,0.7952333338398085,1.1800538010550823,0.6298026699677586,0.8046225338662901,0.6990183868039896,0.9696738736070144,0.9245471978903178,0.7006150523866712,0.7842166978172361,0.21829538977595186,0.6987923044480417,0.8775144231700502,0.9906531894197388,0.9144363302184537,0.36789370762931617,0.5709720589508301,0.8221680173614552,0.7270824159357214,0.8445114744694354,1.297029173934812,0.4550857675468317,0.1930968046574978,0.9497524692150819,0.8253015072133557,0.5508061959040492,0.3059910763810699,1.1105876889068622,0.5800927745875333,0.4581128156517431,0.7409894763985896,1.022808475492663,0.7477098409420319,1.0717641938294382,0.8764129785844852,0.9361413281372736,0.3303928817556687,0.9491239196255149,0.7088372598377151,0.7879611611025173,0.7361886177224631,0.013462045649729415,0.24752246019760682,0.9478057073512913,0.8920036269730592,0.8715327964991968,0.8302759302213285,0.6724668087369772,0.9363224197198002,0.8091300802393013,0.5870161151068709,0.6230142685086798,0.5757253425908586,0.8010805931337578,0.974102444800961,0.9074425952283323,0.43329925442848827,0.7421166156879275,0.6064827891980109,0.7852203937452753,0.47353505700876797,0.3060981365913862,0.5389102081867412,0.670962697559216,1.0005000814944407,0.9055708996616896,0.407276394116426,0.883988913601651,0.3264618219516573,0.6964953033657604,0.7875936282565996,0.7267948668339241,0.7833365824986168,0.6004994947457181,0.5711867939576851,0.9257007040176235,0.7542357074922881,0.8826045199651518,0.9369266051689301,0.6893901531973663,0.9175828576078007,0.6201102543907737,0.856706795759921,0.2635116460415946,0.9002539401010121,0.5587020266176956,0.9667668594965466,0.7500016694718876,0.692498301128716,0.34792073271588253,0.9088206725951575,0.7683254025900421,1.0974206916545586,1.0304817467624392,0.992736685009243,0.9389466047899578,0.16262107032758155,0.8830418319989187,1.2076433945005745,0.5696543626190531,1.1664339111007092,0.7103190188689412,0.8670772366127093,0.7117217716359971,0.8877841583856189,0.36528298220584554,0.7103540416446616,0.8677922503119605,0.3895640644791637,0.7224710747045693,0.45420116492702123,0.2663133912881366,0.9236540920975835,0.6659693443756617,0.705212201805217,0.7119576922838254,0.5666270345005817
veggie_30_left.png,0.4816269173222,0.5011928920853779,0.4039689047088383,0.5523524666069981,0.5007183171373173,0.1061834593657216,0.8034292327772777,0.46648862753750475,0.33326922045107643,0.42383571885239846,0.0,0.3906091828085603,0.39163880366192694,0.6579018767376799,0.416031903555232,0.25751052468331903,0.3371999422826555,0.45769671938038003,0.4343345270435536,0.5321906250251149,0.6260101053561442,0.3122622703134825,0.5529124192986219,0.4690493228177266,0.23717675176735553,0.4357505936969661,0.5650555299736527,0.6218126745607789,0.42922752876701054,0.2852158448883142,0.5398609815790092,0.4711572020600545,0.5630567812573946,0.2383499162840903,0.2985943805299287,0.46994008189297165,0.5754150300951069,0.4814788434054894,0.27854429610926223,0.652144745933553,0.49206720462639375,0.5934080700665954,0.8415724751042857,0.40696873699923886,0.5447826206114423,0.2875707454126717,0.4660551080012595,0.6192354534702351,0.629351014299147,0.7744715215318067,0.1359133612841532,0.2923896931150608,0.5730622508037451,0.6109685805294536,0.4904206677906583,0.7514618578043994,0.2605883076759057,0.44178138589864446,0.5410689002160203,0.614771048867921,0.3417768581912394,0.2165940010403733,0.7817305038839847,0.31962402038824866,0.4442520226499964,0.6219279261278061,0.6221416775958611,0.3861980219536245,0.49705361584794183,0.5179587403596655,0.6355958102786672,0.28978586770253323,0.42062605965152877,0.43203566244825753,0.5264053907870814,0.6316288410147893,0.4448625893209889,0.31745983010868517,0.6092302724940338,0.47571134964836126,0.5199512284436615,0.35791496879172935,0.56997202831,0.7606700723573951,0.45869533023150677,0.4848381001706048,0.47586224327678694,0.35730505178806093,0.48484767364676007,0.6412054344174447,0.5334940343268987,0.2715193669267907,0.5212845724154135,0.3501484657219063,0.5422644028096111,0.31251215456664694,0.1800705730520208,0.3967424575281798,0.3900700956795117,0.9180321223697376,0.5719427741809149,0.24613996947629935,0.66693742003878,0.18535505407418262,0.47789161127777835,0.506295195451903,0.3728562357183305,0.49303209236093404,0.47268776023081205,0.24107423961199337,0.5499052859288454,0.45467276531419654,0.5478601977073758,0.7621925105772699,0.53728665284809,0.5036969104561837,0.4615678435647518,0.6600402597907313,0.20433336721531303,0.5807561796136222,0.31821487071411914,0.42035992757924545,0.6886219282506629,0.47437770343218566,0.3596384523887347,0.7529048065903108,0.47211025511195315,0.8264056602208901,0.6050864891322534,1.0023148764171148,0.6034443922686357,0.46228386282828426,0.6237372874425768,0.8510072790035561,0.3139351141424356,0.7377998995195942,0.4494527692551673,0.5674722519148254,0.5072774030032041,0.43273817474183984,0.19295710549592415,0.5819000156975418,0.6146542102532604,0.2441843400532243,0.5321258182569266,0.4316400942525138,0.2060300636730118,0.5624715821529551,0.6026025584533352,0.25951425390210703,0.44374449427969775,0.43266100806824315
veggie_31_left.png,0.2513647429551784,0.5258343364099763,0.4035653124013221,0.22234838468081275,0.5120918537477316,0.253162945014745,0.40726034553841894,0.2011013490264043,0.5505023497599623,0.7826063086769448,0.3906091828085603,0.0,0.4976572180514647,0.2903639381309321,0.3071479401213467,0.5279560048896951,0.3049023868835301,0.23418591087046858,0.2626304256499389,0.20831849674818648,0.1988326894732122,0.21846205703132404,0.3948310449139063,0.3439055643675729,0.2292315921911089,0.44673175206176885,0.25479592351006874,0.4174218186269827,0.49300045504764567,0.47733986136387796,0.2502151393304156,0.3746046227565467,0.32126884445614445,0.2610224427956088,0.27920169447494825,0.17692086093473325,0.2709137849644869,0.25409909776587924,0.45476994068159626,0.46678175922750065,0.3280478421557915,0.30016876413710036,0.4776746241779538,0.14915548458707162,0.33864845365192975,0.5785352172521804,0.034649550109891125,0.35257389819280804,0.4499256986398902,0.42643604091763954,0.3073352927907339,0.1856445353784052,0.3742436649374189,0.37092405367169845,0.48399484270289794,0.4584204166868133,0.5647760136616564,0.6014437143516613,0.539209799298908,0.19950114539983477,0.3828410828752803,0.3783817204739599,0.4758941489826699,0.31481723366955683,0.3143011772578874,0.27363723075186763,0.22491572500808255,0.2612557386240528,0.39390357621650407,0.20556332319431958,0.3966372103383875,0.39171309464100423,0.4228326725994056,0.11276919719156286,0.4775801514973551,0.4163917592151525,0.8205238358541485,0.6287720717699057,0.2762506653744673,0.3886456837282499,0.3376392496504257,0.3239810524072604,0.6060866499018251,0.3791104584273898,0.09993272171404244,0.3914145350922492,0.31874220037109235,0.4190205084649914,0.09372783618724656,0.3382763674502878,0.42629376405683794,0.3016812952311936,0.27998923474540727,0.5543356749676689,0.2339862403982731,0.5970595584364944,0.49974679072030126,0.4808651732267981,0.4946845671862804,0.5198038156191291,0.20932496040059745,0.33333804111977494,0.2656107221592434,0.428452660828351,0.19795294484808446,0.14572091600843295,0.4033204444325149,0.13488200494459535,0.38730747311666625,0.3365962318649286,0.30920567448388114,0.11809350563269849,0.5630073574640968,0.3746377282411626,0.13178747447722472,0.4664740606163663,0.3602456700779494,0.4744478231896313,0.4356363513275938,0.35127728039699924,0.2272861209967456,0.23022918174106688,0.36725532212731293,0.16412066250057888,0.4395747924703862,0.41066640964023937,0.44637629949335567,0.3145590672391855,0.37297473495565747,0.5586663975491664,0.2922827775459974,0.6481889664380392,0.27678914998757975,0.5423473588397678,0.19863538732576858,0.42050110062099566,0.22881294821890474,0.44333099381245367,0.0933568673972659,0.34329031300592305,0.609251587502453,0.33934843349836563,0.2702483401023166,0.28130980728549204,0.4699552279743169,0.5480835917946341,0.4015311027337787,0.43041635978411585,0.33845081731741233,0.14687193153089018,0.17952581584049843,0.32599452898569947
