,veggie_7_topleft.png,animate_086_right.png,veggie_28_topleft.png,veggie_11_right.png,animate_047_left.png,veggie_30_right.png,veggie_34_topleft.png,veggie_7_right.png,animate_014_right.png,veggie_24_right.png,veggie_30_left.png,veggie_31_left.png,animate_038_right.png,veggie_21_topleft.png,veggie_13_topleft.png,veggie_29_right.png,veggie_1_right.png,veggie_24_topleft.png,veggie_36_right.png,veggie_22_right.png,veggie_0_left.png,veggie_1_left.png,veggie_13_left.png,veggie_16_topleft.png,veggie_12_left.png,animate_033_right.png,veggie_38_topleft.png,animate_051_left.png,veggie_17_right.png,veggie_41_right.png,veggie_2_topleft.png,veggie_27_left.png,veggie_26_left.png,veggie_19_left.png,veggie_18_left.png,veggie_31_topleft.png,veggie_41_topleft.png,veggie_32_topleft.png,veggie_10_right.png,veggie_42_topleft.png,veggie_1_topleft.png,veggie_14_left.png,veggie_15_left.png,veggie_7_left.png,veggie_6_left.png,veggie_25_right.png,veggie_31_right.png,veggie_6_right.png,animate_043_right.png,veggie_15_topleft.png,veggie_20_left.png,veggie_21_left.png,veggie_8_topleft.png,veggie_28_right.png,animate_086_left.png,veggie_27_topleft.png,animate_014_left.png,veggie_23_right.png,veggie_10_topleft.png,veggie_0_right.png,veggie_37_right.png,veggie_16_right.png,veggie_22_topleft.png,veggie_37_left.png,veggie_36_left.png,veggie_19_topleft.png,veggie_40_right.png,veggie_37_topleft.png,animate_003_left.png,veggie_40_left.png,animate_051_right.png,veggie_41_left.png,veggie_4_topleft.png,veggie_32_right.png,animate_016_right.png,veggie_5_right.png,veggie_24_left.png,veggie_25_left.png,veggie_40_topleft.png,veggie_30_topleft.png,veggie_26_right.png,animate_023_right.png,veggie_13_right.png,veggie_9_left.png,veggie_8_left.png,veggie_3_topleft.png,veggie_17_topleft.png,animate_025_left.png,veggie_8_right.png,veggie_39_topleft.png,animate_088_left.png,veggie_3_left.png,veggie_2_left.png,veggie_10_left.png,veggie_11_left.png,veggie_25_topleft.png,veggie_33_left.png,animate_038_left.png,animate_025_right.png,veggie_15_right.png,veggie_12_topleft.png,veggie_3_right.png,veggie_34_right.png,veggie_20_right.png,veggie_20_topleft.png,veggie_35_topleft.png,animate_033_left.png,veggie_39_left.png,veggie_38_left.png,veggie_18_right.png,veggie_6_topleft.png,veggie_39_right.png,veggie_29_topleft.png,veggie_34_left.png,veggie_35_left.png,animate_003_right.png,veggie_27_right.png,veggie_5_topleft.png,veggie_33_right.png,veggie_4_right.png,veggie_12_right.png,veggie_18_topleft.png,veggie_36_topleft.png,veggie_42_left.png,veggie_23_topleft.png,veggie_9_right.png,animate_088_right.png,veggie_11_topleft.png,animate_043_left.png,veggie_9_topleft.png,veggie_14_right.png,veggie_23_left.png,veggie_22_left.png,veggie_26_topleft.png,veggie_21_right.png,veggie_14_topleft.png,veggie_2_right.png,animate_016_left.png,veggie_35_right.png,animate_023_left.png,veggie_29_left.png,veggie_28_left.png,veggie_0_topleft.png,veggie_19_right.png,animate_047_right.png,veggie_17_left.png,veggie_16_left.png,veggie_4_left.png,veggie_5_left.png,veggie_33_topleft.png,veggie_42_right.png,veggie_38_right.png
veggie_7_topleft.png,0.0,3.2497066506865497,1.0844495167614254,1.422522610699139,2.8318025180733404,2.148196812530024,1.7482536248619769,1.147741719576231,2.7606081614829154,3.1245483404521845,2.4643892983322653,1.0564917621613616,2.532804793817478,2.1180774478616184,0.8222638879031662,2.8233060814343434,1.017648498521058,2.4135089481405974,2.440267314014768,2.0145377370362074,1.0567079174173004,1.1162031667317531,0.7323642638899027,0.6007952460291665,2.1492586972151173,2.9076730979623675,1.9544297539916091,2.6525710191602685,2.7624817839307245,3.707207548074323,2.1447046509567356,2.8438080230147342,2.5175336337547307,2.150664260081267,2.5306016873668162,1.1302730069436826,2.628414478703524,0.8676110475907741,2.565403506135799,1.9097096991711984,1.6972372144473324,3.4454749405462657,3.14791212998141,1.0847175824605109,1.827746250495383,3.4163379453888414,1.3494280597482777,1.6866935344516945,3.641117069548673,3.310625193004051,2.8067004897658614,1.4405071658451427,2.1319303349430245,0.84887969460796,3.1329517941889216,1.569073090240922,2.6486961451886373,1.95891672845219,2.201459360928426,1.0952320958695396,1.2264924042368024,2.8802867097992886,2.1962305538580082,1.0500188543278108,2.549776195067328,2.675928002010483,1.190856973526709,1.3305753137540715,2.8612983627120157,0.9565643903383071,2.9620586207491955,3.5755296389612754,0.3482911317510273,0.62738629582522,3.859861001963774,1.7561362312630486,3.3244521897515855,3.1713789767532985,0.7623137617586021,2.3136513681053277,2.491907479417265,2.5190364204439213,1.0747057558872732,1.9361535093642512,1.322032654223956,1.6556907567407846,1.7037235440206993,3.891823786089179,1.0358063427594435,1.4385729979810737,3.5447029345423537,1.8504648004532096,0.9776278596262968,2.5174396799707544,1.9356338724085353,4.004884158496404,3.4756545541517023,2.6032065048830337,4.074965112100179,3.636660607792309,1.691923253537839,1.9043420012658003,2.049773058740616,2.788476014538423,1.7007415707254763,2.526979673441195,3.1477894597349727,1.4172342236217954,2.284358780579049,2.8611505497198433,0.5074517761111729,1.0468359612188762,1.7371604777580227,2.279404531387042,1.664484960144446,3.2153608025540388,2.882924346314872,2.608355898414481,3.651370314085049,1.3109261648609285,1.568357852060943,1.515025738065888,3.0060725596094926,0.6986648325922147,1.2973631800717769,1.6878995452842505,3.8733623130862425,2.2209226190530673,3.903661152788965,0.9208833238192442,3.793187831972909,1.9372487526424356,2.065599952712963,2.210813479300711,1.177818356923942,1.7120514337136234,0.8569768320222074,3.4310265254079626,1.6203451715806523,2.5547610448292537,2.8058896667964883,1.191836462157057,2.0061157826483025,2.060039394286471,2.4814120359702554,2.9159289979713097,3.064515438807194,1.0952983602945001,1.4433083866497858,1.8319596487157035,1.1260376876219946,2.0984376210332556
animate_086_right.png,3.2497066506865497,0.0,3.630833665290647,2.207292096993578,0.8049701077164164,2.302007658200579,2.1097377918052183,4.062331706918798,1.747441148214252,4.096081119175422,3.2022356100623313,2.7210530520816256,1.8928011095879065,2.6015781906028685,2.854480830826166,1.6042263450825844,2.845356770219942,1.546896946393245,3.4629807977121283,2.2653789961227426,2.59310805895561,2.7930780067207155,3.412201399476714,3.774207756751533,2.8311488746832425,0.5502462479582922,3.1392565145359193,1.1306524899738606,4.870280629876945,4.162583713844509,1.7120730109806266,2.0521605631181603,0.8720778064662733,2.5565659538578958,2.966719812128925,2.4192039870879842,2.4877042472259983,3.00577570131872,2.8497530229427266,2.0565292180011987,1.7169444712875224,2.9447477698103084,4.227580607627492,3.4985351358066437,4.2491537744690175,4.776477575613681,2.562000463061549,3.8227407541270924,0.9063291629369042,4.132209590909244,3.4373597568303436,3.626915305318963,1.73485292843353,3.955635120877339,0.21025128762041603,2.103223954518451,2.2400746890786305,3.654139332652658,2.7812589606815257,2.479007191297016,3.256098817710237,4.170532634446731,2.969696616810537,3.068148885976888,3.5439244564659536,2.4518548650015015,2.984839348117635,3.417557763832581,0.5382752261213447,3.2687064633253766,1.2440915777015134,4.197132575057166,3.267381494558176,3.2480297424099027,1.051481554300421,1.5682984747160886,4.208296096909683,4.4723401513630385,3.146839140656442,1.3371717304559145,0.8147749807984696,1.0095176902255631,3.8723885402221043,4.440347832566748,2.1618261534095637,1.973195883469451,4.487364148523993,1.594520453962861,2.393348617261871,3.6884877527344972,0.5549446004744532,3.10922452567804,2.3901065464381315,3.173890523284337,1.7106341949641801,3.728251444071614,3.7056688418721353,1.710095619538578,1.491229543202805,4.386352241712089,2.1256250774444063,3.1622802610309275,1.5961013878141743,3.407359236992033,2.4893154621259574,3.0246759036298116,0.656385780369932,3.4476550889907607,3.393516996819975,3.3707872784770747,3.2818121435289207,3.169639026917371,1.5174146159993682,1.130739982553301,3.0303313186722876,0.4926407082726566,1.846153697876606,1.5861113349511806,3.816326322344763,3.98235928685479,3.1200598031114604,1.9817900623988542,3.631878727722074,2.575322937300721,3.507724452054851,4.4030707767795665,1.0553440203671387,2.2474936931356826,0.9168857508649054,3.680644877737412,3.052378313585833,3.627801440429149,2.437615745797047,2.448194611402012,3.4216181011398694,3.080140327490646,2.412688901895471,1.0314179653856737,2.74890287607812,1.0413738842117046,2.697763505684702,4.268755115207015,2.129920407974856,2.4880549425335907,1.024986463682123,5.034687898744361,4.013370168721356,4.08048301272292,1.8692320617139877,2.3452415692532376,2.1516710261112433,3.4287893236009723
veggie_28_topleft.png,1.0844495167614254,3.630833665290647,0.0,1.9048918814215747,3.023802787587696,2.034524185780857,2.655582121188867,1.1687547024970608,2.591751125097909,2.259090941700445,1.7782837620318708,1.5483470993698356,2.3203022697025486,3.086226519457889,1.7255134792511746,2.70074009720665,1.017160548277923,2.859525155924107,2.499462661460239,2.774225990919065,1.9953449831473917,1.1656539256244234,1.0846939188739237,1.2580173306303586,1.8865108077227684,3.268584146786486,2.803564494735502,3.1673770084112682,1.6919501398981895,3.344120421868075,2.9132237023910346,2.6103377597867143,3.0347706853465986,1.7481435425086795,2.229624776315427,1.9881670283695274,3.2341585968349356,1.9413867733964507,2.413647672803846,2.6079100083235818,2.2528839618150927,4.134771252490046,3.8332392434898064,1.3132935590432704,2.2691212246588064,2.582310893544674,1.8263223795444203,2.470191287684284,3.9911795408742567,3.990976365194797,2.476674212156658,1.4102437347556194,2.7256680186467968,1.0784298011498925,3.468514700349425,2.4492107936357197,2.2828378593102063,1.1295376447644385,2.8137209568147767,2.046548946922471,1.1258848734336473,2.241049344906385,3.2429145493619242,0.8562280548187446,2.659063704528363,3.490316380124523,2.2337697613248357,1.4643310101126772,3.144561082680298,1.8566732364233403,3.485507095621026,3.255196521541807,1.426135324224689,0.7567214303025993,4.053635843707911,2.375751942040911,2.4233779940374323,2.4025656904629766,1.8315877913428167,2.8717686170066665,3.0055008328313146,2.9155055199495474,0.6222399262274096,2.4288854268867985,2.0142676218864515,2.157858420369005,0.8858828201453195,3.926568777633004,1.781720603702307,2.4481340442368547,3.8631178205228527,1.8107502785084437,1.7392792271908726,2.3111000302535465,2.508496894999519,3.362106620973875,2.7644555716580634,2.462280266048596,4.122449120312023,4.417369247594742,2.5991518613793705,1.6928711248196706,2.682450243824112,2.3825088730720725,2.3899546596654653,3.1748255220178643,3.4252437065093284,2.124128566230899,2.778839051031045,2.3936736057371566,1.4344862685941553,1.720248459518212,2.268784138597793,2.8722987404483904,2.218175700573203,3.4507648595013607,2.777884981336084,3.3484709538867437,2.9665859090112257,1.8283969326248537,1.129699378845591,2.1437218290332294,3.5708784927428305,1.5047428778298804,0.6744553561082486,1.983977955168096,4.047443164384036,3.154439814767189,4.337306294481752,1.8270765797998385,4.466610062654176,1.0220194522908739,2.8617902510499187,3.043136410979426,1.305286209693961,2.77762784072212,1.4677285377543772,3.6765449425413013,2.172797051160409,3.0680921868750666,2.351493551888125,1.2300040914269537,2.890873912507314,1.6810916074298863,2.693168583289386,1.8471387184826609,2.498947229857634,1.4730589391695494,2.1057922242167395,1.6408537386777875,1.77345171423548,2.497292560090898
veggie_11_right.png,1.422522610699139,2.207292096993578,1.9048918814215747,0.0,1.763894637045759,1.1333754429280498,1.3327738195346075,1.9277638369789112,2.0808628714944772,2.908882357649306,2.094698368387875,0.5322556826900054,1.8261479953434747,1.6053383925887832,0.8976325020268529,1.9586808774559445,0.92769884435667,1.023611553550724,1.6486406413412173,0.9912138925464908,0.9069857089538367,0.8217447282192475,1.2879379280966723,1.7772707897515834,1.353697558655934,1.7381579343822844,1.4667866661746554,1.376995871861131,3.338644743946431,2.9029396033130843,1.7520988491923803,1.8834880174674185,1.418304971794967,1.5413746969372744,1.6679277257864338,0.7247233454001459,1.4236995637757657,1.4101495626250509,1.5463872778618286,1.8933736281186462,0.5445173758013921,2.3278808759258993,2.636340055970816,1.3116061677283801,2.0798357797824263,3.2851936060595714,0.3694000024729395,1.8220168479530605,2.3529491227356116,2.67223846693365,2.0201581457815303,1.473430792462037,1.9195788729953214,1.8900018607860238,2.1132477639574883,1.2707328638345414,2.1062379465104764,2.0265701607452167,1.1828631688724118,1.1275369371971036,1.184867621744921,2.567510616464863,2.01510930279086,1.1463927684057047,1.7483129851236452,1.7049809495875663,1.356843032055307,1.2396573101162986,1.8430484451304168,1.2542214440024642,1.650741384883039,2.8078620625804582,1.4919507994906198,1.2666156908415123,2.624887160781993,0.8643260295134133,3.134611302780161,2.95922298169065,1.5874127914902434,1.0674061162083028,1.5147330107639119,1.2701583694612009,1.8778056752165198,2.2920394480774093,0.4172224503963934,0.27718085807859155,2.6166464697216045,2.6427577936396474,0.5344824189649661,1.9315307742128682,2.3507954499030363,1.1713910068262736,1.1775758996652304,1.6566987853576154,0.6513436521806883,3.3019625196201168,2.9313927364794545,1.9093405285914888,2.882321181366712,3.0782448037049193,1.3114725477007398,1.3212573883122332,0.8664563693014061,2.0503218536000816,0.7028484677926417,1.5773523045474345,1.9352136238399542,1.3553686432596925,1.5458096716568417,2.1390875589556115,1.2812081378049625,1.010809892417063,0.9458913186142299,1.2613534991488762,0.9778281403385899,2.2129678955324588,1.7606563205423624,2.1458126423027317,3.04599192299012,1.8133005437421164,1.356160992304897,0.39356524197310283,2.1548345001714577,0.8852639031689244,1.6207425250461363,2.2056345257808445,2.660884241904811,1.6166719215066894,2.684201559779519,1.7053711427614278,2.638375936159445,2.1026834057968604,1.139326028942629,2.318851778189106,1.2479823427384196,1.7840081887849417,0.9909210093675073,2.124623508426693,0.7130396169562226,1.3296412434947773,2.046064422892024,2.1679239539669672,1.8218743198534757,1.4892701568350277,1.4333680932319057,3.564446888805139,2.555996277678135,1.9419633422312468,0.7063895953545797,1.1090220797859738,0.6277093270095291,1.4479490241813018
animate_047_left.png,2.8318025180733404,0.8049701077164164,3.023802787587696,1.763894637045759,0.0,1.577218807799898,2.127074652719135,3.5300273617753173,1.0579580592166113,3.2937473400271644,2.406542460398313,2.2488710746417464,1.1263526557467372,2.658386836120074,2.525201764753696,0.8454367013201263,2.2470589966134176,1.2781811213172785,2.916555917654704,2.143458304079446,2.3548682560563297,2.1950952614993797,2.9065475068064592,3.352016084744567,2.110201493147897,0.5415191647950852,2.9787529177256453,1.1269855476114723,4.136023327667021,3.495056188445334,1.8767216840991436,1.26195421537926,0.9286754686871364,1.7738419753374237,2.2403088841183685,2.1594534407107058,2.3447951725053575,2.7903220469834356,2.1780912284375664,2.0810686785081374,1.3966840660480697,3.002394647105793,4.068668989542959,2.974570500518684,3.835891058798219,3.9923091393266854,2.1082232214014627,3.5442338097289885,1.161346752113599,4.0022358217568,2.736658150262359,3.047450702204513,1.7870347570791154,3.4640892636262026,0.6245751428776855,2.0586255013766688,1.4940167034279843,2.9127067408556973,2.5300405859239214,2.296211423391996,2.648680342574117,3.4189538897993033,3.0704239708408,2.4498850324834542,3.02780299658127,2.529214734596991,2.8140213410769555,2.868149859115269,0.3237330740828064,2.9494326073685633,1.347763455401857,3.5439751522542635,2.92692750952677,2.705860752229572,1.0993198453693507,1.3700896935201767,3.403919602077026,3.6965586110087334,2.9133866032447306,1.2283891291821623,0.917591332227251,0.7489271993375678,3.2825819678512063,4.054752819709062,1.8461918836123206,1.578267511730587,3.8563504035848437,1.2854151226040005,2.047807898759517,3.5057150666071957,0.8976122466998263,2.4921708523923853,2.112806403929235,2.501995863365504,1.4539506920389111,2.9716425728830154,2.9104686062461758,0.9939822983403137,1.3179108990569144,4.353945282457519,2.1251726174237104,2.4939301018227518,1.4579487737622716,2.677298136911111,2.217054631493394,2.8403011822571766,0.5290222591655879,3.104941191955449,3.05191746019034,2.6171616682925642,2.9009103841820134,2.7687616507517214,1.2477488868539302,1.1512552212846172,2.6516151248964444,0.5225760922774397,1.09716944099906,1.9414555056145502,3.0311428235242106,3.562665792957295,2.421999453448926,1.6667709414950171,3.419901172050718,2.211891420481301,2.8502984291838436,3.941606207162666,1.083442231397771,2.3841952427276,1.4829039523343253,3.3610184399135306,3.1592584013553178,2.8878048964936243,2.3377529113094613,2.6096377820059113,2.8711584445977523,3.0532196359456703,2.0230537111886018,0.9141875461202126,2.3675571572938674,1.0249597675092896,1.8977115895468495,3.7550124997340326,2.2664139769117173,1.713890744928204,0.3538839173857232,4.310477423007402,3.2659915235865036,3.6210119237954306,1.6025378330059061,1.6119075430029282,1.7942284254284053,3.0164676877327117
veggie_30_right.png,2.148196812530024,2.302007658200579,2.034524185780857,1.1333754429280498,1.577218807799898,0.0,2.3618860589892865,2.354494497264552,1.551493581066132,2.0188467292911887,1.2031781496787461,1.3460980488830736,1.1987645597398866,2.6870637826464523,1.9259581730081015,1.345232483028278,1.1828173494463454,1.356589336186512,1.5659823637319321,1.9517675486732171,2.0118253569092612,1.080324217238891,1.8560680921499448,2.491322979479975,0.5333748538484503,1.8054588835304386,2.464085471494377,1.7574978235550232,2.949905600550732,2.136242133206884,2.5581889212620466,0.9325065019511034,1.8354124057462526,0.6700333467727206,0.7360954916922637,1.8338637387606147,2.018255409984732,2.4499036669409966,0.7607897775429107,2.6356067062462865,1.3565845475549576,2.9068401365981953,3.3528157379646406,1.7937344593510551,2.7136755406096036,2.5298428392492602,1.23813948764379,2.7319968378659585,2.287910533223649,3.3518015168311797,1.2438647751586445,1.702394763298458,2.533075406379577,2.4343080711515808,2.155710258496675,2.2677497537677307,1.4119362935083066,1.5531227131558827,1.9046496147880665,2.1707717637159174,1.3524576988091102,1.8739419219963536,3.131930747852437,1.296699514475542,1.729340818010213,2.56534543307986,2.466375339423357,1.5960838106694473,1.8307957750612909,2.2325787735396494,1.9776678547454385,2.1402531090667694,2.3583865428034256,1.7114028943875776,2.306671705573083,1.6432252913168133,2.2233015294745817,2.205997338672171,2.5657686276913028,1.6267876112407986,1.9354719224277244,1.4644136026820114,2.1186294727927093,2.9763502894279643,1.5171628944549354,1.17006669134361,2.6799245312778317,2.04604879691714,1.5988468079745135,2.9864533249894007,2.2716304394925535,1.0455668542731689,2.0114340002427453,0.9996625631136286,1.4207688810401788,2.1740401892715724,1.8541604422491247,1.4121592394517275,2.344980900267555,3.856778306818157,2.3410740105225587,0.965184121627979,1.6433543117103881,1.1813536562301488,1.6893729050025126,2.2725671514781127,1.8111920330035094,2.2230941449859327,2.104477852350728,1.1733861872492788,2.149536896313769,1.8695533550811958,1.580296292286341,1.8564146249887465,1.732575566332071,2.0984288291809063,0.899054989252642,2.8708948696613987,1.9542727402319064,2.514178176260838,1.0407595548333872,1.4221644393864057,2.6894561408443365,1.7812849558145107,1.5843266964212859,2.762896915295863,2.3206478014937786,2.645846820673109,2.7545686086447465,2.624441406277669,3.147100599415744,1.6475909979120997,2.1133379621901973,3.1839352814339845,1.6335383890426085,2.9164591320562065,1.7206130511361992,1.882701022675119,1.5270403667032597,1.7314094432094396,0.9504284409043653,2.634833691991325,2.7579594789032007,0.7188022618486637,1.3336609518272604,3.1961098402433503,1.7540404649348573,2.562630741728991,1.611258065418538,0.48769657909287584,1.5357966087012054,1.9255246250757103
veggie_34_topleft.png,1.7482536248619769,2.1097377918052183,2.655582121188867,1.3327738195346075,2.127074652719135,2.3618860589892865,0.0,2.667189596923528,2.675568006082937,4.137338352248537,3.2727894399935713,1.563570335920026,2.5876381098257624,0.8353100771332189,1.2116487811475394,2.6380747865737484,1.9784126003645517,1.5885028149925622,2.8381211175168155,1.0770065602380294,0.8281506088903965,1.95417603148162,2.065879260966124,2.138712914337312,2.6701359103956572,1.8936156223389347,1.5276457367549425,1.5078099149008732,4.29997313943849,4.203794081834824,0.749750928465731,2.859018768299854,1.3398432719595903,2.670813604160662,2.9816232032277936,0.8054392595444814,1.8401443945388802,1.0864609907973752,2.842766480091587,1.0855620109549216,1.0279919720489046,2.4036695353811357,2.8842905488195516,2.226523825701796,2.6823853998347236,4.563996354203497,1.5304415545154335,2.0566760773105366,2.5204403200667573,2.916267478318873,3.346708759447282,2.5417677280755613,1.249439369753571,2.4621305006241063,2.0963731206209753,0.26671535021851306,2.8922155942715246,3.1770768762020807,1.7671502484103123,0.6566687563810872,2.3090369855587,3.8748200934943235,1.024099316814552,2.190064643509518,2.886130278670716,1.4426238233330007,0.9956129148684961,2.2982497113375513,1.9875018495696706,1.5205428898869808,1.7568425430808983,4.099588340479044,1.568781141213512,2.060219475473978,2.9349595501437573,0.8195940277623989,4.334892636475268,4.251708292672063,1.2810499454413566,1.2249646254860613,1.3202328475773484,1.6039046433806123,2.6969984679425925,2.7806923289355563,0.9275755655262071,1.2521805559471355,3.4056120323510064,3.240821898162264,1.0148858037195239,1.6655252257460254,2.4612219223494622,2.464707914252884,1.0163431895395074,2.978222211489093,1.1120669023400085,4.481626200363035,4.152082869023783,2.5273430762031586,3.3491517357461653,3.074173138864181,0.0637893430248064,2.6325224302700807,0.9779010501718263,3.379138914883348,1.2669911178383177,1.9976507500443295,2.2220186253064775,1.853578124708129,2.2960640842044033,3.456066030237559,1.6312004346093913,1.6809085642198718,1.0012774230804673,1.04386109415657,1.8037322122755914,2.33015014291292,2.7103978934471664,1.143699896867979,4.290859479858241,2.361332800275952,2.558725496305263,0.9684278511002591,2.6624042238293724,1.1544398522391053,2.6566249779452957,2.8446289101637388,2.973043299814088,0.62141504007777,2.5983628154244953,1.8374747654552133,2.6955299416791036,3.183111688833994,1.1429571920549024,1.1995720783992212,2.2619865927929275,0.9931106270747232,1.246072518160277,2.529346109233741,1.6210150124582798,1.41369579584841,3.192606340873976,2.7893797360635117,0.5954306028591096,2.5741341325729516,1.8764600657987016,4.4688906013121485,3.8856850492508754,2.4897118545673353,0.7889188682316387,2.2513206916196156,0.9927879540543187,2.346130161809031
veggie_7_right.png,1.147741719576231,4.062331706918798,1.1687547024970608,1.9277638369789112,3.5300273617753173,2.354494497264552,2.667189596923528,0.0,3.389701854238082,2.7988798474600145,2.4351897552516273,1.400084298681994,3.0759238622695104,2.7755367097990513,1.4692897909421756,3.3929914021502436,1.3099106727286225,2.91770200803592,2.0322213145197385,2.5137698004172964,1.8471937187798984,1.3570814787308818,0.6569124351470353,0.7609772070679613,2.089009533374348,3.6258987834847343,2.1923278188167186,3.3003174146388004,2.332806229510325,3.2054110857660203,3.183164950596581,3.184414392397623,3.3012111092118155,2.3722889681940806,2.395599177867082,1.905981431138646,2.880564035344826,1.7731000407669975,2.4561852940417053,3.029483755301679,2.404474374862392,3.6855158422246346,2.9447879492527647,0.6822319499818502,1.1727786983451232,2.77296736420472,1.656505633862844,1.582787636298945,4.26401784942107,3.154677648520711,2.4583047788457493,0.830055049769207,3.2223070487879877,0.38426018726631417,3.9403481567358707,2.549232113809744,3.1398242865859616,1.6608463092091734,2.3438200199593826,2.0729487131682296,1.0056118638135745,2.275931318236988,2.9069034028680694,1.1607472020020928,2.129528345000118,3.1485357222961627,1.8957909701270537,0.9282178298113892,3.638210440438514,1.3012692434661972,3.556755939166423,3.024057094838591,1.3258284785813108,0.8860407381908694,4.466527120956658,2.599341884018191,3.0404213115700967,2.560183349371088,1.7399941675792132,2.9790659211305774,3.3412997287903132,3.1800475886238706,0.5737664706771699,1.306961719217019,2.0212807708616136,2.200890183941928,1.1535525732854512,4.353678254408256,1.7791309436842364,1.8191507918112395,4.242407782195076,1.6052065899407149,2.0610173484425243,2.250896569857002,2.549855268406852,3.9218574082014905,3.32304121706051,3.234005623613448,4.619136526571875,3.5723954859343188,2.6230089616536043,1.639743944521074,2.7285934499105093,2.474546670417629,2.07675449296492,2.6138552043287935,3.805194426855501,1.3606379302420406,2.0886065971675025,2.600356375412403,1.0641639292718352,1.1724429853164668,2.6134810285814756,3.0992625403761163,1.6713488787866968,3.9923262264773065,3.2359848250229626,3.649163711991785,3.4521414794051197,0.7973555792837012,1.476723945219779,2.1879922547922015,2.8583237435170803,1.6570241307959264,1.0421431126700178,0.8230147800541089,4.4889594965087865,2.994390263790729,4.610192258826836,1.1750958219532914,4.033828921254205,1.7621192350817712,2.526063909418497,3.327610517041849,0.8022429367422012,2.4185673117534288,1.8549869009296929,3.986140737389852,1.7809905849446217,3.2500766365087443,2.9297336397951907,0.3160559329788404,3.04896799398953,2.346470180614503,3.1812854327076643,2.5476666394733383,2.5473139910446414,0.4451128633360316,2.30178828142661,2.153255665916084,1.9866555580621712,1.8084667928287148
animate_014_right.png,2.7606081614829154,1.747441148214252,2.591751125097909,2.0808628714944772,1.0579580592166113,1.551493581066132,2.675568006082937,3.389701854238082,0.0,2.633667362886898,1.7894148113343735,2.4044120266345663,0.3794802121527567,3.321579415704562,2.752457453099425,0.3809421658782557,2.10537216955832,2.050552366654985,3.1127716881690146,2.8061558868708714,2.6864015596501636,2.109815897365874,2.85720289110795,3.296541801489259,1.980618763755386,1.590734168949444,3.5126868258367567,2.0711531151955254,3.4049301798858216,3.4408701001686706,2.4121951486642015,0.9672622581316926,1.8312409094960678,1.3069788293527114,2.1236930048971647,2.509575376520889,3.077746017882621,3.0131571355849553,2.2378287351955692,2.342702723801797,1.9036303780088217,3.865919430863391,4.647032446308541,2.9662755077175276,3.992130966496656,3.467373869272794,2.374519558872292,3.861529246411888,2.1627205098778566,4.631796926649695,2.6473202693248514,2.992210426146824,2.0730265171659052,3.328410396384263,1.5384351124458446,2.514002798321825,0.5369166908031301,2.404574075226364,3.1042721396209374,2.6008157283396147,2.5328438223863694,3.069412999218691,3.6779894621995166,2.2406226390290374,3.27104084997732,3.347625405846572,3.1662813183565275,2.883259896481652,1.2560716900537727,3.17645341207094,2.3386235725079465,3.524769264467944,2.956601546523627,2.546120569267908,1.8893751991370347,1.9064010967273486,2.6743025935467615,3.2299176587718548,3.0531212183282284,2.0515195868574607,1.7522769200857298,1.6445143720229154,2.9943351961965314,4.2217353974640295,2.2317655724627463,2.027125613273456,3.3897489497576263,1.7855232472617855,2.318647067434866,3.8103340787929203,1.8759535612156357,2.5301434429020246,2.227810791603679,2.503783114233234,2.091864566260328,2.4112085491387116,2.296252537250739,0.17281086884231806,1.7952924999367619,5.044744848400943,2.649824890484155,2.4117164607207404,2.1747714060393397,2.500432960256886,2.723219928569769,3.4723575009849554,1.5530167017370182,3.3876775456505563,3.4872828204603397,2.3606742871102524,2.9809722364007074,2.9656579694526424,1.680469696613773,1.944519832752312,3.006378793207084,1.3105212071695875,1.1647444407970908,2.5579208187226437,2.4839410581250108,3.656302902776251,2.1280870090851143,2.1194194604532632,4.0186517244458155,2.322441473030921,2.5118352507868025,3.976997904766764,1.8292513515683548,3.096302882881878,2.4920272981377436,3.499814593735129,4.061522578611949,2.2982228992775933,3.000158340865785,2.9585423768739356,2.8481585229881645,3.524650230003681,2.0466990753574477,1.8299394127413053,2.747317341433958,1.9514579776458647,1.410267716391829,3.5895311173389786,2.761757323939905,1.228009537148698,1.0305856013646624,3.5375259682970874,2.9734062108227794,3.58502959843649,1.997870613335666,1.3716211859132768,2.0246301353455607,3.35095178986352
veggie_24_right.png,3.1245483404521845,4.096081119175422,2.259090941700445,2.908882357649306,3.2937473400271644,2.0188467292911887,4.137338352248537,2.7988798474600145,2.633667362886898,0.0,0.9297333193638417,2.7937928383214095,2.3218772337550324,4.498271626508253,3.3506510774268468,2.6110910107256493,2.2706249081436654,3.3736718077630057,2.574661087849254,3.8279676028634078,3.587764469633509,2.277389354896608,2.7379396956830706,3.2818011144239634,1.6857623405603095,3.6847514690111547,4.0769799132252675,3.7655165911620636,1.703202869425256,2.084869353710287,4.307682270299063,2.1242605715193887,3.7803178529166526,1.5940409330660381,1.6191433588036708,3.4723709154632356,3.872546735284162,3.825393182345665,1.9793919645879823,4.169469268370217,3.2492627686318754,4.7486561365366535,4.741021241621482,2.6589694305465477,3.5417795188820347,0.9389921682537478,2.858937515908915,3.9562040798788867,4.1249248239452845,4.806332911885627,1.6593813946846954,2.3771688507565027,4.098497555835324,2.995036770327519,3.912505951374377,3.979406372935483,2.127856109366945,1.1905898185540833,3.61839426241245,3.7315049143841708,2.1797613612173503,1.1125086016922068,4.862197687950083,2.14174097173553,2.7572415932484513,4.483396904657574,3.9665599777921074,2.508238890604421,3.5774971289675177,3.5253736862156932,3.9834537433178494,2.1784860638206998,3.455728800449614,2.536345783009948,3.9349014163565346,3.4929492082665976,0.300397606381746,0.8742545149222404,3.827466892719888,3.629242326032047,3.8236243615916257,3.4323946927234554,2.391143265206356,3.792144301655442,3.2671946231628506,3.061754298035328,2.3601019827949403,3.4607027625708193,3.2057853066039894,4.2870993609582735,4.055467862906431,2.147304137072391,3.436167407164453,1.8736698749757008,3.3829309873614926,1.4765711163444486,0.8400039504436263,2.587637563577269,3.7234759859211906,5.381619310888881,4.099338270798478,1.848035559786704,3.61139719811555,1.4338416227737718,3.4511790635733477,3.9559101017410025,3.626039932150026,3.4978082133957127,3.501208126418637,1.2592778493219114,3.279370511582653,3.1526747721362374,3.3650490667442683,3.7912590829907065,3.2118144239465094,3.7489235468446354,2.39601303760403,4.651310852198308,0.9845840871229421,3.3732823358869055,1.6692204125621106,3.2575354492216,4.171027198329894,3.1824395681694435,1.8839600279467268,3.363370145773385,3.9142012937557165,4.518779457657777,4.611852659132892,3.707910086693798,4.988437017380656,1.2401124861513821,3.9573881765241845,4.747234325237331,2.502984322226259,4.512180183825519,3.090789784720288,3.667254007563622,3.1391242914727338,3.7246027581816348,1.4581079643199473,3.0053564269044437,4.467097279457294,1.6952836075848319,3.109520356166891,1.9436521604920942,1.195684137812929,3.2163866673556907,3.372238898683556,1.947784077329397,3.1597940917270044,3.2000813925964637
veggie_30_left.png,2.4643892983322653,3.2022356100623313,1.7782837620318708,2.094698368387875,2.406542460398313,1.2031781496787461,3.2727894399935713,2.4351897552516273,1.7894148113343735,0.9297333193638417,0.0,2.069522978370784,1.4478162865434046,3.6960803655345766,2.6220416085392344,1.7649554645125054,1.5430865778923493,2.543946470881314,2.200730180221886,3.0421022906781983,2.8029565610128886,1.5463936096048763,2.176166239476796,2.748119562990191,1.0279062394060718,2.7975162947535774,3.403513890824138,2.898582300331952,1.981600919136187,2.1941470876675147,3.396984758500812,1.3412758493950607,2.873623132656389,0.6728217585793412,1.1047817800757145,2.667575343846143,3.1691258772710564,3.080680036896944,1.4522566364184837,3.2788087229208847,2.3722565827169624,4.07101409087581,4.249519545486988,2.152743742476125,3.1640543628096554,1.689889731578213,2.1201350423631746,3.408918760820281,3.3064008070856152,4.299309065952712,1.4304976786157986,1.9637416683216085,3.1889159887270466,2.553587068857567,3.0169937077846543,3.1111597123619754,1.3155356029849525,0.8872410278831334,2.953742034170722,2.9118651302732377,1.6223598357150002,1.3823820263382134,4.066204558235383,1.4841198111087357,2.3949014545825085,3.708576049758745,3.224569145121023,2.0097392066239066,2.6761383998847252,2.876165423355827,3.1439218889219096,2.2568760140072617,2.778429831030332,1.9210335727356154,3.1533512499742113,2.5938256150231283,1.0832347250806176,1.4644389711689314,3.0995456176475606,2.7561674760797765,2.9038911041308597,2.546829346732262,2.0053878125483973,3.420458583962671,2.4364202046511023,2.225627419824362,2.2178126207972273,2.768536639348532,2.399374645607697,3.6439303100100435,3.2088150863522915,1.6154746334649757,2.5994906611422683,1.467649750592295,2.529305146033535,1.5875334095385198,1.027619337228299,1.7163481976034756,3.012156894399298,4.837619183689993,3.2357328931527958,1.333635632799224,2.7456147474958277,1.2053572890238202,2.705831116504703,3.3233699847767246,2.769049258216263,2.9189086451541773,2.9778996872134904,1.0333785774093578,2.6340194762315154,2.5227225781948004,2.4522579771473176,2.8827664064579146,2.59047958839373,2.8704941468534786,1.619657553833108,3.728450844803366,1.2417574109969078,2.922582801851032,1.0345949342265741,2.410354835230922,3.657621495920507,2.387756564753728,1.412961394882485,3.0413235292843703,3.1334693226242,3.672621088486859,3.770686035730077,3.1179964482780655,4.319175584513408,0.888015124595233,3.1902549551536388,3.868108629277258,1.991715656507415,3.7482674552949447,2.2607392910111126,2.866750940609064,2.457906381734592,2.8408476639147966,0.7629404763334924,2.6654187482125415,3.5804289383731893,0.7664988253063949,2.200303026886174,2.211565644046448,1.3937335038066327,2.7951005032084564,2.492852155150142,1.0498557244076678,2.30589373617883,2.7068630631549726
veggie_31_left.png,1.0564917621613616,2.7210530520816256,1.5483470993698356,0.5322556826900054,2.2488710746417464,1.3460980488830736,1.563570335920026,1.400084298681994,2.4044120266345663,2.7937928383214095,2.069522978370784,0.0,2.1170880683304554,1.7590718951118005,0.6299719322133598,2.3242440353747758,0.6517758957368301,1.5305438258515378,1.5240898443848896,1.2670396992077424,0.8638875583982839,0.5604308412505963,0.7675009853931538,1.3032041441614746,1.3716056822621132,2.2630305838848424,1.4048789019998442,1.9004840171340873,3.01773926514868,2.8741212106114147,2.0660865449990893,2.1907185200714747,1.9316168738643058,1.6425088476295722,1.7186047210182478,0.7767610786228725,1.6960651697457374,1.2315483999329127,1.6470450039533084,2.104286865705285,1.0345028746403329,2.5874724587386146,2.5281208674985742,0.7912467620003636,1.627333100341775,3.067163721269991,0.3084227229916129,1.4820202473280766,2.8815923290817063,2.622166959984644,1.9893264915889812,1.013910649490568,2.203676393832556,1.3781999121976092,2.6189161472018556,1.4787257964540184,2.3304203242506234,1.7777310052989395,1.2877874803874592,1.1558543265998753,0.7741721409854988,2.3654184136245964,2.086476209101348,0.8128995199376999,1.6302149038432299,1.9796609121902702,1.2208056645045995,0.776695762825266,2.3375378874395545,0.8882203397729168,2.161354088545021,2.74396924462374,1.1622882899934965,0.8316619015350338,3.137353024340028,1.2923294089298734,3.0360777958854173,2.755285204083943,1.374260983447932,1.5830529805790905,2.006750487033907,1.800342757369923,1.4066331954201732,1.841411045834331,0.7015159945929708,0.8015380215068966,2.1730254605442902,3.1097359760652474,0.571416331508906,1.6531671228291767,2.878181037580544,0.9915724529043872,1.2120270966073576,1.6416099015216654,1.1543646786105057,3.418587273736968,2.9653567454769565,2.2325136247798762,3.3628934909538257,3.046424153854584,1.531298869709579,1.1485965437820767,1.3483540517814159,2.0240355389179014,0.8498023940493692,1.6644328684995533,2.4556956599326063,0.9955187371201364,1.4318112593203842,2.137990903981072,0.8566210922827843,0.5678553951211238,1.3522996238331084,1.7484060183654688,0.796098035468717,2.7054784699404695,2.12757815984253,2.501378734260398,3.0856965114977792,1.3173518439416267,1.139755873725401,0.8217357417583516,2.157147374512198,0.7750634933512623,1.2512969433176868,1.6989879923852726,3.170017564122604,1.8697190115970652,3.2156089366103764,1.2921105414767342,2.9214631598895,1.8730345166596603,1.3525644489101043,2.489855191685877,0.7540830926884399,1.7422029748028678,0.9859892035587615,2.638471467730639,0.6583466975154758,1.855349980669958,2.203486283787762,1.6434166491303375,2.0460757371874116,1.5969598254391546,1.9067009227906695,3.248493720267603,2.430732592919623,1.4179250793877487,1.043317522134082,1.2449620029644155,0.8081863337116213,1.2529599916908427
animate_038_right.png,2.532804793817478,1.8928011095879065,2.3203022697025486,1.8261479953434747,1.1263526557467372,1.1987645597398866,2.5876381098257624,3.0759238622695104,0.3794802121527567,2.3218772337550324,1.4478162865434046,2.1170880683304554,0.0,3.1869429611842435,2.51987377086407,0.41142304633658544,1.7925607496864016,1.8877040633946958,2.7615039095375975,2.6200029557270814,2.495446735507056,1.7888165546456332,2.557256214676277,3.0387572871367348,1.6064573707217948,1.6276593018135228,3.2823461822664424,2.0003446156657536,3.1328984405364024,3.099072130498782,2.4310913507254543,0.7138060158723221,1.8190876947954802,0.930972411871556,1.7586693668449647,2.3169464202465075,2.866325796798951,2.8384265549076835,1.8885052265822828,2.3714563873074894,1.7347225488924398,3.694097487714033,4.378889101149559,2.64303110869417,3.6742122345459016,3.124989561208943,2.089427641852356,3.5912126071733046,2.2129894554358756,4.372712125033209,2.2832351254633587,2.6438085992192657,2.145468779182937,3.0421894022735776,1.688935310929617,2.427623021544891,0.3889885170717199,2.057287757543237,2.8506426098350026,2.4571010691083806,2.1907154627232934,2.699532094258173,3.5610548914429874,1.9176671833702739,2.925277071124493,3.199856102549951,2.980221899048733,2.5446122320820406,1.3677963128137112,2.9263620652630924,2.2737637580629535,3.172910565626787,2.748910301097719,2.2566851181163656,1.996677302802376,1.8014231260573272,2.39019771996448,2.876130013942795,2.88565398113662,1.9450078007401161,1.778096182824807,1.5735416085783054,2.6865395792532243,3.911438970364181,2.0289065173077114,1.8010610479690554,3.0968862300778763,1.8216234453736295,2.103356510448049,3.599120460639193,1.9850287046070503,2.1698291616274594,2.0999336307664436,2.1395306245375996,1.9205162945216632,2.2043602909563087,2.0227530699043212,0.2784997363013136,1.9173544978003043,4.81108183327118,2.559843264598046,2.040001161539042,2.0412692780937145,2.13541300132077,2.4865425143111386,3.226625554463392,1.600159299842082,3.1051850340637714,3.1873130742264846,2.0021720316221874,2.731858326650476,2.6823707811918163,1.5912848344119,1.9070453151838909,2.7139401361742057,1.498873121939699,0.9518051933784575,2.635276356477469,2.2095374325345,3.3547508792157057,1.7676477929217478,1.924182694738837,3.7473070716789088,2.1231025245004305,2.1785641871784454,3.65538701700746,1.9530838292227704,3.003547410692208,2.5926310171527316,3.254915199425565,3.9048622742543966,1.973228043771364,2.81051936554945,2.9925603335765563,2.515520578935693,3.3766779715861657,1.8737448905904601,1.8379608398217433,2.4658417938516974,1.8938221213587998,1.088152710311221,3.289581739115719,2.746410420776949,0.8569274010169189,1.0082390198843227,3.2890648395217292,2.6087026166318226,3.2889685378695184,1.854495927607644,1.011645576131431,1.8411028770408961,3.032118508644146
