,movie_001.png,movie_002.png,movie_003.png,movie_004.png,movie_005.png,movie_006.png,movie_007.png,movie_008.png,movie_009.png,movie_010.png,movie_011.png,movie_012.png,movie_013.png,movie_014.png,movie_015.png,movie_016.png,movie_017.png,movie_018.png,movie_019.png,movie_020.png,movie_021.png,movie_022.png,movie_023.png,movie_024.png,movie_025.png,movie_026.png,movie_027.png,movie_028.png,movie_029.png,movie_030.png,movie_031.png,movie_032.png,movie_033.png,movie_034.png,movie_035.png,movie_036.png,movie_037.png,movie_038.png,movie_039.png,movie_040.png,movie_041.png,movie_042.png,movie_043.png,movie_044.png,movie_045.png,movie_046.png,movie_047.png,movie_048.png,movie_049.png,movie_050.png,movie_051.png,movie_052.png,movie_053.png,movie_054.png,movie_055.png,movie_056.png,movie_057.png,movie_058.png,movie_059.png,movie_060.png,movie_061.png,movie_062.png,movie_063.png,movie_064.png,movie_065.png,movie_066.png,movie_067.png,movie_068.png,movie_069.png,movie_070.png,movie_071.png,movie_072.png,movie_073.png,movie_074.png,movie_075.png,movie_076.png,movie_077.png,movie_078.png,movie_079.png,movie_080.png,movie_081.png,movie_082.png,movie_083.png,movie_084.png,movie_085.png,movie_086.png,movie_087.png,movie_088.png,movie_089.png,movie_090.png
movie_001.png,0.0,3.5437218098593126,3.751599834556753,3.8399240109523713,2.8461182195741728,2.725344659137247,3.2460535415205536,2.921666694439551,4.281792972974364,4.069994409704271,2.8879704533175903,3.1736802140025864,3.930974240348305,4.050774884384984,2.5774960333512413,3.553537406334266,3.3134420186671547,3.6071034689686123,3.9173341478743096,3.7636545866455027,4.058563401312905,4.4292440276885126,4.766031381048171,4.244037060235904,3.899179336647169,4.448326745467925,3.5283508548302076,3.5097929414795974,4.276208074122713,3.405796217138028,4.305375969419663,3.6553285908014645,4.211466879446532,5.695071608658832,4.304641002945804,3.8280695675943313,4.776988625585929,5.042137104993768,3.7432084999616237,3.7567745916218374,4.282669744461558,4.733247821222887,4.165834138599256,4.3456598758212674,4.3694834744099005,5.335657686664584,3.7029060804691594,4.610463814611252,4.732620347412208,5.632521375316709,4.567111352121136,4.780277710032794,3.8516395502958383,4.150182308222497,4.310654297176704,3.8528464620510148,3.8355940182509047,3.5626170251905505,4.035688296657259,4.540539260314179,5.331454863493999,3.6257679102575975,4.263208163741778,3.631585711677036,4.067635474160704,4.182410685006367,3.8346341122781338,3.7419917157669924,4.51883764635054,4.732839898682284,3.821215881319811,4.104576366949133,4.668208904915635,4.275008880416324,3.223554168814596,4.407806037318487,4.766997277842926,4.922051614231884,4.71010384232394,4.590199050953464,4.521600274861596,4.8589931410901315,4.7361765790343195,4.372691718400063,4.098515390864743,4.921392711758873,4.611033229710942,4.2976661222621315,4.1019830681273275,3.7637004985306217
movie_002.png,3.5437218098593126,0.0,3.412041893538077,3.754023930398236,3.7358657518192606,3.2406552120510916,2.8171548049061546,4.025805822333133,4.085933001866273,3.5546377230449377,3.7137846237165313,3.9347658221406707,2.9767666395991377,3.92126645131899,3.4986488726080722,3.6518280721493306,3.852578345528537,3.112623520273414,3.38651236925465,3.557441921875009,4.268069193807477,4.121204566610485,4.65282271207434,4.403208686923902,3.551005239351099,4.1415963475905855,3.580845245099273,4.1025144636823105,4.181182974855221,2.7214213959032825,4.6333217425236946,4.1158722172976905,3.863510339416414,5.465910400592443,3.588174132091337,3.1632901993579643,4.96623298907723,5.147046766130258,2.5646624393028734,3.401510350589649,4.984270219788597,4.310502732383278,3.9228391726348004,4.472344382368821,4.598687256910029,4.82516579877582,4.1620060456387264,3.904399474528132,4.920960272951833,5.923788651679134,4.722155490368616,4.719911473378371,3.359171559634178,4.105611956183442,3.825429630794575,3.325592124257287,3.7064033700663237,2.7059361558569344,3.363072414239129,4.148358271600263,5.481484207305762,3.3415613804879847,4.273801739324506,3.7918407124349316,3.6599124196468416,3.914977459666294,3.2263904214139068,3.8169499113388805,4.470972608949596,4.230592581762281,2.95859995926151,3.8302139336686416,4.678373161799406,4.711296827769802,4.2424808523439514,3.6473635059471547,5.081264516113551,4.965634544002997,4.884530356827931,4.593161646417278,3.789898938787926,4.924221858124772,4.364491730721877,4.592962754560128,3.7228089801489155,5.156942837751133,4.058975288844295,4.186581902802905,4.161308744868114,3.1101978055098565
movie_003.png,3.751599834556753,3.412041893538077,0.0,3.0351807020676165,4.0913628841079,3.026145818969317,2.94357463499628,3.691158926846047,4.014729903354008,3.2997217252590847,3.7180555251449103,3.7346659897581143,3.3259650443802125,4.027615424160819,3.22028613534532,3.4284455086579477,3.229125148159929,3.227765215225628,2.9069243293478184,3.6082668183962756,4.072547888275727,3.2478301005016976,4.154981531384991,4.144396341166572,3.322058902251232,3.3747380144817334,3.541857823675982,4.063595946776015,3.817902474153447,3.025976057046479,4.400637557819587,3.7678032108443746,3.0835837004294713,4.755055200544052,3.8006079485763897,3.1450534505365706,4.34586970443138,4.477445630831605,2.7810629918543697,2.658799481923943,4.8759542869696695,4.76013187903462,3.3898743112754612,4.086457555332113,4.0414756220171055,4.697629222139084,4.358699814724146,4.135070266943191,4.327427714226926,5.158865712424589,4.360726524022895,4.304284154893187,3.140639548916169,3.8404736619705853,3.54738582559515,2.816492504196568,3.4060921158171547,3.2746051607505335,2.6054646917590913,3.8760702324310805,5.012915272683017,3.227411534070367,3.0962145162962242,3.9541590159122717,3.1273727459239633,3.217928098225317,2.6928861315014805,3.5137814796036895,3.2629824490064854,4.2617525690071325,3.1468642451726185,3.9736668422395405,4.159785283709842,3.927055507291327,3.752048756594015,3.9129885656767422,4.772503720910703,4.2847122202312695,4.559852769861166,4.546030466542146,3.9380492639714735,4.743249709699531,4.418326659707975,4.1527055025254676,3.7998446155529053,4.665485648576564,4.17679988555781,3.351365055519739,4.024955875324216,2.855730281354837
movie_004.png,3.8399240109523713,3.754023930398236,3.0351807020676165,0.0,4.241764790008908,3.517552056709428,2.952554857850743,3.866062279357953,4.02502691967563,3.2588440468423516,3.4102117767520617,3.6234699124064607,3.60967714169527,3.7304728523747475,3.01283701023948,3.161251087796072,2.991007595075724,3.4948750608888615,2.445786875643547,3.5488292760017046,4.08486509549726,3.2838252223850417,3.271631866372053,3.5935575670729003,3.847667551944503,3.149544147495285,3.3844453372914245,4.233335029112769,2.795451460218017,3.416349350360897,3.9706301476072468,3.5749464946687795,2.4899239021123454,4.6924376341832215,4.378559021329553,2.704689462463381,3.7899535643129703,3.7214226404162964,3.0702743734403026,2.803060050122999,4.710700145804609,4.635383758217896,2.8241968522325562,3.39825643438647,3.219014423041081,4.886670259615635,4.221174871277556,4.042126266738479,3.5819389651023235,4.89204420173661,3.707986355718687,3.253372787891288,2.742671991854985,3.53919409941594,3.4929321529136903,3.250781217356986,2.5529425553919545,3.692246513941519,2.697816501747558,3.441446218820771,4.695544252517475,2.0791404896939234,3.1106519822311136,3.641455186976721,3.1932445329857697,3.0252281364140288,2.5388791993821647,3.742397282202111,3.203754560546609,4.37666069327103,2.6230945462176103,4.4101994102350215,4.465908954033103,3.842822109108849,3.3526599074067747,3.8582348153124713,5.12237525465612,3.9492225186260117,4.141960657304804,3.9704712300281897,3.6136440262332234,4.179708709001313,3.8079211637208417,3.6921308829745585,3.029062534422251,3.91907829492727,3.740242661086975,2.0560275088508826,3.5917374123607653,2.4547134740472263
movie_005.png,2.8461182195741728,3.7358657518192606,4.0913628841079,4.241764790008908,0.0,3.2655993163452135,3.806120373770185,3.2416783394295043,4.508041393133684,4.344001141186827,2.9990243920877515,3.562713684065524,3.9799981559877606,4.110051203625768,3.0518093643136632,3.2521293396052067,3.79691830619078,3.9933584665601236,4.002723625616803,3.906699029247729,4.123219242759434,4.492911157388448,4.767233054837931,3.920577824569936,3.784295284902814,4.6074236476807995,3.5622811117618784,3.1544402026488383,4.07756775582671,3.763177214395322,4.133732182420106,3.406528262843939,4.256353960183147,5.572113944649508,4.135329813802109,4.093038381977919,4.881646845148972,4.779038897186486,3.9437009858549934,3.8445558915581795,4.200220220152526,4.615019993425815,4.202509586619298,4.2117438135853975,4.070178523451144,5.3547467533741875,3.167870774095462,4.487080704618913,4.569095983491104,5.536309320770415,4.59532383461033,4.546975779264216,3.977480138336762,3.9186527154053565,4.249599773856679,4.295285798822729,3.9588715964324277,3.934471477697671,4.284052057787677,4.565093868472961,5.023600348132305,3.7298499801666933,4.359028833819188,3.830068446907238,4.389346752919461,4.183743718667999,3.948781833444065,3.787825536773349,4.579042409768722,4.854892165879531,3.993068798585444,3.984591048982425,4.809780572921814,4.508917350831984,3.6679544368865273,4.32450678231628,5.074581146768539,4.890029198349785,4.68830368069176,4.953469174296566,4.519045979175296,5.034277389130805,4.588673106056314,4.403793631657881,4.2105154619389085,4.820031955238443,4.637949042690858,4.354257872791928,3.880014360875198,3.933581996287705
movie_006.png,2.725344659137247,3.2406552120510916,3.026145818969317,3.517552056709428,3.2655993163452135,0.0,2.6462366534703365,2.359068475968683,3.714946240559946,3.209933856626392,2.9330835339699193,2.7212280298189127,3.440141764032018,3.7946369141026657,2.0805830611216014,3.094334024396528,3.015322750369596,3.0346897961810324,3.3811266360109964,3.6993019609617925,3.8462914445710528,3.520518588959595,4.433252052466903,3.8160340145914113,2.9866635719484766,3.774474156366737,3.547147054837985,3.192856203108453,4.067189307634658,3.141591389447908,4.153213625527865,3.21226780549703,3.458820550280004,5.00674376219101,3.9977112995342887,3.143888943035632,4.144617658279216,4.518070427142063,3.209632978443657,3.3934774037435553,4.039277651847902,4.435609733738327,3.8649437400148727,4.227224208692316,4.107246457151867,4.76850083691091,3.5200215663392,4.081118284782525,4.442261663916081,5.229125786523886,4.3357554107603855,4.472006276675757,2.9943382676104306,3.8112863247655344,3.8959663316757935,3.121791861856422,3.475693610142001,2.9948738021093555,3.473399451443087,3.9385386464516907,4.963936750374854,3.1048752036525964,3.316864296726626,3.407394733648231,3.5564236015531208,3.495368688296425,3.1785309400057415,3.3777637480775686,3.945177271945379,4.016439328060159,3.4418428865853747,3.7487299803246517,4.072855780252653,4.016742611282951,3.192853883026554,3.670463023571056,4.486009893370859,4.434120798972258,4.1949067811872585,3.840949536740109,3.891035373434589,4.34832576530544,4.36273187465974,3.7482931560192863,4.223522428029257,4.6347522947980515,4.1311082921074185,3.999108038010224,3.7465077614627345,3.3941053764425737
movie_007.png,3.2460535415205536,2.8171548049061546,2.94357463499628,2.952554857850743,3.806120373770185,2.6462366534703365,0.0,3.5642582512629977,3.528100753769082,2.986858619851989,3.630645404166513,3.4202639719324224,3.213817279429224,3.600438685753063,2.5395307817560786,2.8966323535345726,2.778670223578337,2.2929480729446494,2.9517645831901356,3.630232935752931,3.803687377901991,3.09097199755407,4.246644624998686,4.036831615976587,2.9921535653699016,3.5107597545349134,3.803490392300062,3.9395942686056817,3.8818224549289395,2.226820798027197,4.287428246043498,3.394239931585483,3.304907309474744,4.913017115472073,3.4378485802667624,2.5978731686922183,4.110405306847522,4.508380280105273,2.4216072822318413,2.7865520597368216,4.878532449859172,4.100596584666105,3.675472792038926,4.277440970267198,4.0937834122048775,4.544161441287305,4.04868399025491,3.5981513316306786,4.37268426711635,5.265906406805093,4.564820068864011,4.381727519919168,2.682042122682433,3.7313079427658353,3.267088222821736,2.7623232867149348,2.8985571344393257,2.36993058822192,3.03318086256326,3.8966398811961414,4.945623188649579,2.6568258681315298,3.2531953781917538,3.0209209898582974,2.908770613139496,2.859835281890494,2.4108536063124784,3.409998129354253,3.7969663091149477,3.8208439846992213,2.891724167337279,3.8778737768787037,4.068622345956781,4.044560418522065,3.2834407236176797,3.318140590577278,5.020800955114573,4.659438009884922,4.252787446665534,3.7050456136855434,3.4658661573020266,4.198761532540834,4.0675168865062625,3.932753021635467,3.8573396217301514,4.40818477377978,3.894833876382816,3.82946037614846,3.7894944850176473,3.020581967099464
movie_008.png,2.921666694439551,4.025805822333133,3.691158926846047,3.866062279357953,3.2416783394295043,2.359068475968683,3.5642582512629977,0.0,3.957918311315879,3.706363014933199,2.9089012215531,2.350688002388466,3.718345003076155,3.9344469700977784,2.708726764053822,3.1677731972601153,3.3497031413440275,3.8267179432899368,4.006529505245414,3.6594938966965165,3.944712404871188,4.0688198896921435,4.294425166304841,3.8551755550731976,3.834494590253034,4.361187819071037,3.7876108073306667,3.2193627214589045,4.0048882556298935,3.804739329664486,3.64685509185866,3.1113946324995028,3.7388830568594407,4.946156544603513,4.310512275977115,3.9673507557203616,4.179278127873011,4.22104542498221,4.024229800079786,3.8617181805387943,3.8681546903160244,4.719157715079218,4.045084171707169,4.067933189849651,3.7295080107832357,4.785946414174012,3.4037959451856543,4.46967713363349,4.04682415213633,4.627223254036134,4.333075734230816,4.321757747554267,3.6814471004299634,3.9672374855367085,4.18239384714173,3.8707810708237296,3.8695051582154565,3.805926651667618,3.797734365485924,4.065697232022945,4.669756927408793,3.548329603377078,3.8094502128236125,3.4432333180008956,3.7932724986130206,3.7096272239527246,3.7708368937375125,3.32366621945653,3.9661566189412736,4.228495603032569,3.882096076412819,4.1105145603166875,4.317841441073662,3.9803674877773014,3.002958219435622,4.236554952895375,4.579782540262173,4.2781328700169,4.076536257852599,4.15372112434224,4.398003020488127,4.231001934101908,4.291314196235003,3.644966015196555,4.580667304790257,4.375184808897843,4.36270181932902,4.095173443491095,3.7364022300835558,3.6922122441443697
movie_009.png,4.281792972974364,4.085933001866273,4.014729903354008,4.02502691967563,4.508041393133684,3.714946240559946,3.528100753769082,3.957918311315879,0.0,3.8704706637798205,4.257274190271958,4.033584091109809,4.026073207570529,4.143088214254022,3.9148492671245414,3.7091216763180794,3.9521104980090898,3.510446169774861,3.9806604965886665,4.007850931371171,4.2196827230234994,4.057577853106025,4.50073981672312,4.397358862344717,4.0896755476906845,3.8933327187250324,4.532927829759978,4.2303941605326365,4.3456520152723455,3.9570654708843485,4.485093735808277,3.961046325911077,3.585824333966607,4.987095794346194,4.193287963774373,3.9412564081080883,4.218928577300072,4.534634318987399,3.9008805029907063,3.7583794771271712,5.071577580198243,4.4533450123483425,4.176898125298055,4.331533262098623,4.36121607867856,4.708197825107776,4.48883461858776,4.402249120473626,4.553541901716425,4.726889315043006,4.629906814113781,4.5647115959927005,3.9809234677274117,4.62736986581686,3.9709821126731506,3.918561321050881,3.993378440650128,3.8354967605412424,3.902833207159252,4.207927514777545,4.723651320102591,3.7935268427976685,3.8532810741970716,3.8528296923104994,3.6373661953722745,3.4990440732390558,3.804550906706688,4.078467452047987,4.218096989628817,4.501460764967934,3.684887168938321,4.340257463747685,4.127799185206069,4.352773299140731,4.132446437868654,3.9017464202934145,4.871637789576275,4.7579696976432135,3.7218502726109484,3.8428573446184546,4.062481361501182,4.579346260878456,4.2231091166175805,4.0362148519533,4.787121825591396,4.226820142210708,4.370957045886952,4.363023514435274,4.423920892495425,4.107694080204486
movie_010.png,4.069994409704271,3.5546377230449377,3.2997217252590847,3.2588440468423516,4.344001141186827,3.209933856626392,2.986858619851989,3.706363014933199,3.8704706637798205,0.0,3.7268724393507373,3.297651321015411,2.782426744825726,3.5829447158487637,3.167247848118921,3.154708590426313,3.233659628892413,3.552472892825655,3.0035899541205016,3.7477822326092656,4.037501639366155,3.4678613746614344,4.082701761745985,4.2084837098673935,3.3046692187844577,3.6127178763871703,4.218658793379193,4.201492478315205,3.6361668494614143,3.5003552571247525,4.174368645244956,3.914751488493034,3.2649684139202684,4.561476810139574,4.253055269624077,3.293795659521293,3.918287639248227,4.395783848912295,3.381172355720169,3.418422710630415,4.744411176342278,4.6438641830234415,3.894526690286561,4.228996567830087,3.81448925939722,4.864689843203803,4.445125284597147,4.077334289265944,4.309010128733942,5.041043836863744,4.550587154189521,3.9957375893025486,2.7551622307030703,4.020501942789167,3.659353296537799,3.1676559700688833,3.030032147412846,3.67754875294643,3.4493980702449614,3.112983496286863,4.919834622127809,3.1948188402137974,3.5699387427302907,3.647962640072377,3.3476493353308725,3.2311035689380123,3.230849341021205,3.6529771564250284,3.6009473562478767,3.946254178928013,3.4904969773197245,3.7762630821859275,4.530405015516729,3.829917432227011,3.6235347505225324,3.722383324468036,4.556784138651053,4.174792010974453,4.033255589154432,3.7170431650196494,3.498989279296117,4.11473443618852,4.076121665882274,3.549833191288394,4.169891514940201,4.28741987595194,3.624305990610576,3.7559553396799688,3.842963534969892,3.623551646095807
movie_011.png,2.8879704533175903,3.7137846237165313,3.7180555251449103,3.4102117767520617,2.9990243920877515,2.9330835339699193,3.630645404166513,2.9089012215531,4.257274190271958,3.7268724393507373,0.0,2.9733337616952777,3.768623893378507,4.057719209126235,2.4868580456239573,3.482427576762992,3.4772430279520883,3.766279039945122,3.7174439047044663,3.591093254009863,3.800865311043533,4.2149289471261735,4.048824868240583,3.9329301431964896,3.7346035416042915,4.138965478311437,3.0645115458451926,3.138007516164875,3.838724504999184,3.820897956277351,3.8008827006438524,3.412686367927756,3.460574513801343,5.074965422728265,4.538244699814912,3.6980841600807426,4.192604279920214,4.509580865235952,3.826665902618951,3.818832291928851,3.6590828014623025,4.569772409500661,3.7767083765725573,4.027265296557261,4.032930953703654,4.990586976042325,3.4599608247283267,4.542579411698636,4.276585489371679,5.019593295321193,3.8408217216795517,4.277368106255383,3.538881266930193,3.659525101388523,4.149646332079798,3.8203033426420405,3.7786368942163286,3.9708948985507924,3.652516953860339,4.110945042909097,4.889203879359668,3.290876160917933,3.896882983725996,3.5904507051509635,3.8242600571452137,3.8192902668927444,3.7418989921173003,3.526254929772472,3.9183369501898087,4.533458453868446,3.6292597167763105,4.22508340996236,4.844158316200608,4.41490484886768,3.3491888670093264,4.277410268600324,5.097707840039855,4.028071768498301,4.267553653196512,4.565763652509043,4.292365486071318,4.531606778791592,4.275761692751006,3.8084643384562047,3.7579567339826885,4.652104522252927,4.309922279893101,3.6404512904388286,3.970044174125778,3.5912056629709705
movie_012.png,3.1736802140025864,3.9347658221406707,3.7346659897581143,3.6234699124064607,3.562713684065524,2.7212280298189127,3.4202639719324224,2.350688002388466,4.033584091109809,3.297651321015411,2.9733337616952777,0.0,3.4903381046690947,3.9518983531570835,2.8010674763560544,3.0017601174924895,3.1023693545695137,3.7141612146893297,3.852758540722129,3.5181858325559103,3.9555981492736643,4.1228573810278,4.2183884750697445,3.745263743455976,3.795145666493922,4.29836251414849,3.798339653644831,3.5019096349413923,3.811554892641377,3.803682391318692,3.6601452656211158,3.2530723456549073,3.6365472489669894,5.11383463938492,4.388556740036294,3.8011496592554503,4.030977507680727,4.3381734802523475,3.9398759468517506,3.75332162905544,4.015093596393697,4.361694210140827,3.8900394555383784,3.966418419667555,3.620467455323362,4.6846607592406535,3.5381134884335617,4.293570876867768,4.251601371822198,4.7978059775592605,4.389501865062015,4.198990890068923,3.3534393956057182,3.8534417886876566,3.93283510785233,3.8991904876767793,3.4307108979387597,4.00274321715121,3.8372219604870472,3.796017803720736,4.749396486954268,3.3035018580029676,3.77995887446293,3.2666348788044286,3.5793680677451563,3.663242072721149,3.6399216528859792,3.41049601286233,3.8199189792686883,4.089239119841355,3.8629024610328453,3.960884487483175,4.446788610353265,3.756922738175969,2.8436602381364064,4.295859071761675,4.678314343743042,4.280349033648501,4.11901405692295,4.0044185739958476,4.314954037203169,4.160370091759802,4.435553019869368,3.603573664251348,4.293549191462794,4.359747105689124,4.101515328788327,3.888381307243296,3.7045512785851833,3.6714336351925194
movie_013.png,3.930974240348305,2.9767666395991377,3.3259650443802125,3.60967714169527,3.9799981559877606,3.440141764032018,3.213817279429224,3.718345003076155,4.026073207570529,2.782426744825726,3.768623893378507,3.4903381046690947,0.0,3.924528165917108,3.418016962872929,3.3234931635021154,3.745483522483695,3.5298049028338574,3.203175720846236,3.7879998928021017,4.004569286385054,3.976781315163104,4.6364566017002415,4.018701581537727,3.5276377176223352,4.22891426820395,3.6497028498481727,4.225312630262252,3.8339446459769304,3.3023410099955495,4.034037478684685,3.9243287387546766,3.6413649727131583,4.956865168555668,3.886937376794882,3.686745910546645,4.574454738170857,4.840362076542708,2.9779565078297257,3.5664454467485753,4.806544045303142,4.426367871208474,4.039432117563297,4.567427712445101,4.152290075032263,4.5702099162319545,4.323491587485191,3.8014675549831,4.655217476084556,5.3121366544649735,4.545815229616055,4.214517416349135,3.3295391129469745,3.7801664166002094,3.7916147240533284,3.030129724116032,3.532469702152099,3.426174300813095,3.086567728083465,3.1268005311193163,5.031484122273641,3.4204214818420327,4.168142617637607,3.6593054480038187,3.435533670351634,3.901848782075793,3.1683163000600376,3.7886732475342186,3.9511240967118413,4.336056602204394,3.473877263137279,3.4001218429390887,4.526960051297576,4.299475694385741,3.685765254250986,3.6486943052082697,4.88455168499139,4.545605458617824,4.7270683187971,4.641763222987562,3.219834430456466,4.872775396114704,3.7403725915232795,4.177224956646881,4.055159526898943,4.861302110017559,3.7969925563805735,3.8025127807287173,3.900206005967321,3.447817161323534
movie_014.png,4.050774884384984,3.92126645131899,4.027615424160819,3.7304728523747475,4.110051203625768,3.7946369141026657,3.600438685753063,3.9344469700977784,4.143088214254022,3.5829447158487637,4.057719209126235,3.9518983531570835,3.924528165917108,0.0,3.5318867367891476,3.72522980075858,3.6955179442641133,3.825331750929141,3.3908839709616854,4.0663961924973036,3.8880451148286617,4.00982489347622,4.058250904738296,4.110232844938313,3.481848917257509,3.7526381776648825,4.187912020634234,4.127857562976911,3.284811606746778,3.5494179960925747,4.565377386780058,3.8481930074520574,3.672020684073885,4.873243340389066,4.76209184684894,3.6296854081706758,4.502853109164406,4.485481111819328,3.6199189083590326,3.9693627203553414,5.125381038257893,4.552687347222877,3.8963303459090426,3.3227177049467023,4.111774608300562,5.098541829299739,4.244328677657296,4.283834648558176,4.370268818432394,5.083983232585693,4.502158393456998,3.562168927118928,3.7442649101527814,4.006250790265773,3.5548842417431348,3.4829153776475352,3.253589225694797,3.797422602850448,3.680903355172147,4.045486828575234,4.7019350858294455,3.3777148296932413,3.822199929661722,4.2386609865973295,3.669978197262214,3.3003213499438417,3.657193475648664,4.0507592472628655,4.061049272047952,4.369711420383159,3.1840677452585657,4.2391086385958445,5.0204702773722065,4.071804124174494,3.994614368018441,3.514061637546823,5.182214487933048,4.418969859497966,3.963759674105803,4.462812494075721,3.8139225694800256,4.332348969264001,4.190929006833096,4.055138739012903,3.91263498721332,4.376155603970446,3.6590437991118674,4.040487214620052,3.5145530940123586,3.8732883198748036
movie_015.png,2.5774960333512413,3.4986488726080722,3.22028613534532,3.01283701023948,3.0518093643136632,2.0805830611216014,2.5395307817560786,2.708726764053822,3.9148492671245414,3.167247848118921,2.4868580456239573,2.8010674763560544,3.418016962872929,3.5318867367891476,0.0,2.740411482678918,2.6463909694743255,3.0110152451771404,2.9883751457975687,3.650811350259407,3.4534393727414394,3.245126035770409,4.059271195899681,3.3485381627286874,2.8799875804940682,3.663840288811877,3.035249464151693,2.913525458066519,3.62312348084832,3.147407017103001,3.838528546521517,2.8867748007746026,3.3599322822617292,4.650802847440883,4.234361939512448,3.1323406749770166,3.9821872426289042,4.165287618066067,3.1820506777992015,3.3830040669307544,3.8392203174500263,4.393146824046693,3.667456219423951,3.9746609022241515,3.821097061676722,4.896170228516071,3.3002308737544217,4.056718831761116,4.091649786217179,4.888065145160718,3.7761307404114386,3.9456286701256658,2.8662205827580403,3.2808472731844947,3.629229018555797,3.0287112226563178,3.1182340438405944,3.1693426391608126,3.340180871233278,3.7271642514668786,4.554042761756128,2.7771984554583096,3.257458145516155,3.25846150873447,3.4061287319790843,3.2080270613865967,2.943921018505954,3.37117301042561,3.696475363294308,4.0544131273809985,3.2844893379312725,3.854891994445803,4.285139029902477,3.760375680041521,2.671787277744851,3.4457902194820718,4.848786984194175,4.0947957190376965,4.1655160257268795,3.9641088974047203,3.6022019630382354,4.15611788740031,4.030883363122018,3.5759520761318213,3.7512233604381993,4.343660724351002,3.9476579675724612,3.597153748584841,3.397997426704184,3.317014074412827
movie_016.png,3.553537406334266,3.6518280721493306,3.4284455086579477,3.161251087796072,3.2521293396052067,3.094334024396528,2.8966323535345726,3.1677731972601153,3.7091216763180794,3.154708590426313,3.482427576762992,3.0017601174924895,3.3234931635021154,3.72522980075858,2.740411482678918,0.0,2.5987413886315545,3.207189941744309,2.7879929981225304,3.4649957348227898,3.8114598673652504,3.4098073059185694,3.971637083314987,2.8166643676296768,3.5356470169187366,3.849153363221122,3.5762757810817636,3.3374028894253205,3.065636172873476,3.1454918735175275,3.5379095259054703,3.0502598066835764,3.3507529571265473,4.554309138655258,3.7621439304198905,3.487058992650911,4.059515447629703,3.53940548085303,3.3528072269586255,2.9470671959062114,4.13690654159808,4.153775911024004,3.6952730600938413,3.659818369597941,2.760872377094099,4.654576309359869,3.3596593529486665,3.650367240273249,3.4180258636874643,4.553012878581111,4.047580870258167,3.502861170235458,3.052382169028836,3.4654965963298197,2.837381639452082,3.5056113956295847,2.6537126629086902,3.620318485159188,3.438106575310195,3.5685559203062063,4.1686003425168945,3.004254847393245,3.5392592008787553,3.320742214009261,3.1764328690704025,3.2042821658849423,3.0379633877992833,2.936421454312778,3.5351882819405436,4.323038257450657,3.2917677486207375,3.726345793186302,4.164775538873794,3.88073936418641,2.86998855527512,3.2643855732406952,5.113659378101296,4.2165550048489004,4.022640994730179,4.121857237565647,3.108853736449967,4.444892331685799,3.4509908696830194,3.5218631393381816,3.7112213549001494,4.131682850450407,4.186428133539263,3.4856922772181163,3.064862642171226,3.474466289246038
movie_017.png,3.3134420186671547,3.852578345528537,3.229125148159929,2.991007595075724,3.79691830619078,3.015322750369596,2.778670223578337,3.3497031413440275,3.9521104980090898,3.233659628892413,3.4772430279520883,3.1023693545695137,3.745483522483695,3.6955179442641133,2.6463909694743255,2.5987413886315545,0.0,3.0878464099689737,2.762318150829334,3.910709149639391,4.376434104240027,3.684111154244975,3.8741810381390946,3.785168416356447,3.715117462919243,3.641318556131777,3.871201429710816,3.854348798187502,3.179993671603939,3.341105148191685,4.159761084818061,3.709898963958281,3.3608893671399,4.764716915340246,4.160662114507096,3.3056221222118656,4.224047824601192,4.145768827037117,3.299213592957998,2.9631384338477877,4.450321663784553,4.2763380837324565,3.707056376338358,3.718747530348011,3.3776309061741534,4.730697988065469,4.053853612961265,4.21040433624103,3.868626527850693,4.668852049842536,4.41523694372281,3.7654898044760765,3.290956994158307,3.8839839666772957,3.4134109124325596,3.442607325691652,2.7103330879499326,3.6901227266362127,3.437957047953362,4.19200084542375,4.586155483778834,2.991185981760173,3.631698068010447,3.4869921899601684,3.155523722878663,3.2031526452798937,3.1696952222944965,3.1259769101702517,3.412385789583419,4.060804530184308,3.4664701303866634,3.942971749958712,4.483921407991651,3.8823040564830267,3.110552886417517,3.893783979014523,5.067440201358775,4.311790310819986,4.168630147997971,4.300598219851778,3.8030025711225437,4.496362699568481,4.456151557857642,3.766271642514378,3.6064599163733573,4.4031383713817815,4.175717448308596,3.4034394990912116,3.728412697558996,3.5500963285644174
movie_018.png,3.6071034689686123,3.112623520273414,3.227765215225628,3.4948750608888615,3.9933584665601236,3.0346897961810324,2.2929480729446494,3.8267179432899368,3.510446169774861,3.552472892825655,3.766279039945122,3.7141612146893297,3.5298049028338574,3.825331750929141,3.0110152451771404,3.207189941744309,3.0878464099689737,0.0,3.002798114620054,3.986914329849213,3.7046392195325724,3.4409327900121753,4.552835354764022,4.08376189420297,3.254031581518139,3.796280246304301,3.7641490982137475,3.6657392901507624,4.2103110087640845,3.0896805834504275,4.578213489007473,3.697930038960266,3.618136682480388,5.037997530974622,4.044875017223777,3.015139498068479,4.227207346438665,4.849477871768931,2.4887301943232467,3.468138242526054,4.8544567859185985,3.9028501521630083,3.9994723652156745,4.40169296640604,4.594843494130129,4.350431228113863,3.9187762054644177,3.92423020401802,4.659618556229417,5.314229438054571,4.5572832723649315,4.710051069623968,3.6201113143359294,4.0391495215945605,3.3757160219626003,2.7576313800247814,3.686404180538007,2.5516860131797823,3.3982591175513233,4.570220081085419,4.924071166546055,3.20886869782004,3.6198872372715334,3.7171607504807294,3.3661508188250036,3.3326841904190125,2.752187021542419,3.8618942520052943,3.7623692862908498,3.921047451525957,3.3952453263136264,4.3960045013706,4.552466561802307,4.689119131882138,3.659327589063348,3.2573532600389363,5.6069861405177575,4.6475885918245865,4.377257376158713,4.28715884898092,3.429324823958506,4.734451213256854,4.290428907819303,4.109832283302979,4.1584446889470685,4.967891111825615,4.191673386841672,4.052314982517868,4.414536160861208,3.6747148276143444
movie_019.png,3.9173341478743096,3.38651236925465,2.9069243293478184,2.445786875643547,4.002723625616803,3.3811266360109964,2.9517645831901356,4.006529505245414,3.9806604965886665,3.0035899541205016,3.7174439047044663,3.852758540722129,3.203175720846236,3.3908839709616854,2.9883751457975687,2.7879929981225304,2.762318150829334,3.002798114620054,0.0,4.001542169950287,4.111985961756372,2.8952316429375107,3.9600513226176535,3.540285025654484,3.344655841424635,2.7857891263437398,3.3866276656485916,4.001633299396396,2.864925013610552,3.118696754493514,4.199981213914739,3.7751131163023963,2.746575548968176,4.489356011412114,4.222475326212979,2.630168884605258,4.176393095388612,3.9977200245208766,2.5458483210518645,2.9128136083679754,4.823151764076707,4.327596051822138,3.4550313550626526,3.4305283313677237,3.5255747289112858,4.784799977815669,4.190983106525217,3.84931749436825,4.068646390315133,4.993557662603284,3.970386922678158,3.3907159264240447,2.8824883456540222,3.781469608360209,3.0784685319276908,2.5034277621748764,2.635714273165348,3.1912039640361614,2.7006331593977255,3.49689219143734,4.547355845815563,2.823274082968407,3.3242204253930265,3.9942160238014046,3.2463289219951834,3.1176914854151425,2.465778640441287,3.621348823814271,3.2641290699912573,4.212000857526541,2.796588227125902,4.080992947055352,4.379493640431042,4.093372982450006,3.584981339159926,2.920986767238274,5.048181769527422,3.9318753687163497,4.417724446169868,4.519285020833203,2.7391786518595302,4.719814510465737,3.8962703223596677,3.7537458077209216,3.4195328892161934,4.522641801927379,3.701245133520411,2.7728369270795414,3.7152427736503264,3.172783339110886
movie_020.png,3.7636545866455027,3.557441921875009,3.6082668183962756,3.5488292760017046,3.906699029247729,3.6993019609617925,3.630232935752931,3.6594938966965165,4.007850931371171,3.7477822326092656,3.591093254009863,3.5181858325559103,3.7879998928021017,4.0663961924973036,3.650811350259407,3.4649957348227898,3.910709149639391,3.986914329849213,4.001542169950287,0.0,3.9319274309715135,4.275514401491347,3.7471449591565977,4.126650436931933,4.079304994392775,4.6510627074592445,3.7083213875447862,3.90134727277161,3.6503436774739693,3.6466080239091183,3.7611338030386405,3.373744579383585,3.7963713875476093,4.817713007453056,4.119233764139849,3.8548279986013543,4.196363360433412,4.163286102906318,3.729663610662135,3.733557930336332,4.575452427674127,4.4244898662661,3.293476003476639,3.9565879157830857,3.7632906185312116,4.651753864072699,3.907562703352502,4.15876471251593,3.9778874849425567,4.646388295765338,4.261862075161848,4.170066869829716,3.6797347974660277,3.7769413146870416,3.6105061701898693,4.052317223633539,3.797635025786312,3.9599797336077147,3.5846504959098646,3.6384383096767117,4.558126299726212,3.4884341426668524,4.003847484418661,3.764832957194798,3.3233396238673802,3.5841770244502436,3.6600352357993247,3.8840237321305935,3.7402303782581234,4.484859362138276,3.4477708546277865,4.253766631970178,4.538957976513886,3.986929051996473,3.6770437496370767,4.317849785689812,4.802824975686348,4.40708862373631,4.142761693155542,4.236499902012096,4.347477215948537,4.139989194208978,4.016092903133238,3.7603868256272053,3.8803426318923924,4.23854803599304,4.194295581548787,3.793582847287567,3.7762978355193257,3.1479770811708643
movie_021.png,4.058563401312905,4.268069193807477,4.072547888275727,4.08486509549726,4.123219242759434,3.8462914445710528,3.803687377901991,3.944712404871188,4.2196827230234994,4.037501639366155,3.800865311043533,3.9555981492736643,4.004569286385054,3.8880451148286617,3.4534393727414394,3.8114598673652504,4.376434104240027,3.7046392195325724,4.111985961756372,3.9319274309715135,0.0,4.392237824464991,4.573622403220478,3.9333006806816,3.4185437669828955,4.534600194308018,3.6591223343776034,3.4063883015345398,4.284581737165233,3.9340291075131,4.184182326929285,3.2463452351410074,4.1199939170733995,4.96790417763144,4.971278491225847,3.9621187775585702,4.525083628590123,4.689120149449777,3.9473793835046926,4.469395537271522,4.889961141026402,4.872660870935924,4.438067719709907,4.53733811462602,4.613124788380533,5.0178022326947325,3.6736574387254244,4.691322393693545,4.5506750452212845,5.208206979070572,4.416289594324712,4.616754344992267,4.2826596246800355,3.5483510330541144,4.039058147580696,3.8557640615925033,4.2779615580646055,3.8859100313187875,3.8243661566835456,4.397702463067558,4.920393756285765,3.92303583959307,4.10416224812342,4.247096805822964,3.9862834594299277,4.085512710621171,3.868038530624565,4.398888213318526,4.240993455856222,4.926339652328463,3.784708816049264,5.019236984071465,5.320000582726793,4.8469210058113585,3.6709985021108658,3.828241356859114,5.810171771162775,4.665275210932952,4.729340844913355,4.476683973612326,3.87215860197184,4.569096568116563,4.02082711413664,4.131710300388931,4.4804733635071,5.102698081616233,4.513211974565306,4.51362314705283,4.212255804859079,4.247833192264566
movie_022.png,4.4292440276885126,4.121204566610485,3.2478301005016976,3.2838252223850417,4.492911157388448,3.520518588959595,3.09097199755407,4.0688198896921435,4.057577853106025,3.4678613746614344,4.2149289471261735,4.1228573810278,3.976781315163104,4.00982489347622,3.245126035770409,3.4098073059185694,3.684111154244975,3.4409327900121753,2.8952316429375107,4.275514401491347,4.392237824464991,0.0,4.362003379922866,4.060158589287747,3.7250927246359318,2.9920632070440583,4.262158733906093,4.101170152714829,4.036092543469384,3.553267953106204,4.439542880161505,3.846524611384278,3.289112116831242,4.541478285204314,4.314887878526681,3.143727335525378,4.0881875393317735,4.1215903895167765,3.2097814669277276,3.5369544258356123,5.090463296794613,4.51044979191244,3.8954820439687903,4.087744786226258,4.116051293524289,4.8087091929606105,4.297754889340036,4.037006708180491,4.38169934443325,4.956203941925305,4.28021811482104,4.197677375160719,2.5646474394049945,4.20711589637382,3.4253849028407677,2.8002965943672344,3.3229600608150465,3.4283408650609832,3.3947108882855135,3.7938169094273717,4.61868932915608,3.3670722458472433,2.5106627988935903,4.045426071286069,3.566035380094225,2.6398683503817773,2.547983464923526,4.053179405972803,3.4883025327571873,3.979332449382669,3.5510419604986736,4.459497418302418,3.9770732593870024,3.8928241248680475,3.8582924754505155,3.3069667322292324,4.941271845204515,4.251405878761091,4.444615958550404,4.384789184547747,3.7790403559701304,4.483945518884531,4.291953810504438,3.9823553982347186,4.63680108138467,4.227156587501909,4.141773327237473,3.6709966383700827,4.107514954723907,3.563655544683299
movie_023.png,4.766031381048171,4.65282271207434,4.154981531384991,3.271631866372053,4.767233054837931,4.433252052466903,4.246644624998686,4.294425166304841,4.50073981672312,4.082701761745985,4.048824868240583,4.2183884750697445,4.6364566017002415,4.058250904738296,4.059271195899681,3.971637083314987,3.8741810381390946,4.552835354764022,3.9600513226176535,3.7471449591565977,4.573622403220478,4.362003379922866,0.0,4.268079552940706,4.568432129592856,4.16579618077119,4.15697842533832,4.607417787776068,3.066793892979771,4.30323228511513,4.549626736554594,4.196986460992128,3.7170105986038,4.77271224143828,5.005440649218259,4.00708814994692,3.9878014296113946,3.629412888516866,4.404896300215392,3.8704267896990863,4.6064872960178205,4.971360198601302,3.625473534380704,3.3750991778147763,3.6568774161791144,4.936979995627927,4.603666605975944,4.605806183658536,3.2493104243254147,4.671255196447606,3.9672423084548636,3.333242786947221,3.8657455353750683,4.222251425791932,3.986710125601198,4.645739710246058,3.578642555900242,4.793420263091995,3.9041927402166867,4.124529728668996,4.620659703080468,3.5865978214598235,3.899450089568841,4.498613903566912,3.70341476276791,3.3711377872369463,3.9099683146981334,4.097905439712694,3.6883749625215043,4.539949950284248,3.7159499400468183,4.911907425527661,5.21291498425133,4.559427844310404,4.348135911421166,4.66854077382781,5.494498350722315,4.143778966430625,4.1214915350561,4.462581506097836,4.7341089088942425,3.8094937861082996,4.259835515831796,4.021271667831908,3.78437650113465,4.232063890129493,4.446233517838234,3.61503132532712,3.9128082630943006,3.692180059110288
