,inanimate_008_right.png,inanimate_004_left.png,inanimate_005_left.png,inanimate_005_right.png,animate_004_left_pair.png,animate_005_left.png,animate_004_left.png,inanimate_004_left_pair.png,inanimate_011_right.png,animate_012_right.png,animate_003_left_pair.png,animate_006_right.png,inanimate_003_left_pair.png,inanimate_012_left.png,animate_007_left_pair.png,animate_010_left_pair.png,inanimate_007_left_pair.png,inanimate_010_left_pair.png,inanimate_003_right.png,animate_012_left.png,animate_001_right.png,inanimate_009_right.png,animate_009_left_pair.png,inanimate_010_right.png,inanimate_004_right.png,inanimate_009_left_pair.png,animate_007_right.png,inanimate_003_left.png,inanimate_002_left.png,animate_008_left.png,animate_009_left.png,inanimate_002_right.png,animate_002_left.png,animate_003_left.png,inanimate_009_left.png,inanimate_008_left.png,animate_002_right.png,animate_008_right_pair.png,animate_011_left.png,animate_010_left.png,inanimate_008_right_pair.png,inanimate_007_right.png,inanimate_012_right_pair.png,inanimate_007_right_pair.png,animate_012_right_pair.png,animate_007_right_pair.png,inanimate_010_left.png,inanimate_011_left.png,animate_010_right.png,inanimate_006_right_pair.png,animate_006_left.png,animate_007_left.png,animate_006_right_pair.png,animate_004_right.png,animate_009_right_pair.png,inanimate_008_left_pair.png,inanimate_009_right_pair.png,animate_008_left_pair.png,inanimate_001_right_pair.png,inanimate_001_right.png,animate_009_right.png,inanimate_007_left.png,animate_001_right_pair.png,inanimate_006_left.png,animate_003_right.png,inanimate_011_left_pair.png,inanimate_006_left_pair.png,animate_011_left_pair.png,animate_006_left_pair.png,animate_001_left.png,animate_003_right_pair.png,inanimate_002_left_pair.png,animate_002_left_pair.png,inanimate_003_right_pair.png,inanimate_012_right.png,inanimate_006_right.png,animate_004_right_pair.png,animate_011_right_pair.png,inanimate_001_left.png,inanimate_004_right_pair.png,inanimate_011_right_pair.png,animate_010_right_pair.png,animate_005_right_pair.png,inanimate_010_right_pair.png,inanimate_005_right_pair.png,animate_005_right.png,animate_011_right.png,inanimate_005_left_pair.png,inanimate_012_left_pair.png,animate_002_right_pair.png,animate_005_left_pair.png,inanimate_002_right_pair.png,animate_012_left_pair.png,inanimate_001_left_pair.png,animate_008_right.png,animate_001_left_pair.png
inanimate_008_right.png,0.0,1132.8777818038643,5071.650958560269,4880.890822874964,2426.504658854027,2719.6394669598235,1478.9788150696675,1242.2538167404098,2509.566774957157,2160.1749658575127,3680.0219644086656,4109.957752124047,520.421555484756,2678.637767338469,4230.985794577217,2923.8117006081065,5302.309349268847,1686.051352365294,1268.8301094575884,2738.011120481947,4736.549456286276,1710.4855640404373,6282.698849923356,1232.669339684882,2747.795208386598,2330.6682004555255,1301.7291508443416,1995.9976855757156,470.02536954763343,3699.688852881452,2422.588617997642,213.45843553308097,381.2105552715721,3106.08900616641,3199.193448183194,1951.8879938918355,608.7471857074995,2819.9894644315027,3169.6981552056163,1182.2300970149065,1799.9438246436905,4938.429040094082,1213.7483860788097,5565.987609830391,4214.162472410815,1292.3819166768794,2380.9525963596843,2016.9082431135564,2999.042793063836,2729.991460044676,3810.1551738495245,1626.6649431321407,5519.804849760875,1053.2890258787772,5045.157357178813,107.47834490889996,2198.211977806125,1976.8876331799156,470.0687653746293,1382.4625759859027,3336.714844271295,4153.8640916734585,4890.655030501225,1022.2153058939946,4617.359196534422,4174.8935558642315,1370.804427421679,4038.70780779862,3291.9980322690867,2545.9659203202013,4013.128838533677,991.7519848056724,2690.411441077035,681.7082525426276,2200.566135279716,1388.8152327793484,2572.020769815628,2011.295719321072,1991.2186664368016,199.3680353708557,3157.3136914346733,4836.200065618091,5517.627598091358,204.1448678156336,5268.521388751567,2799.3190661980043,1647.4138289702153,5402.873976021431,439.26001608031885,2708.991925592883,6335.611445010374,686.3721234409348,3826.810559093893,559.078933949614,3593.0905648651606,3459.7667313374604
inanimate_004_left.png,1132.8777818038643,0.0,6190.613330220084,6000.882929445475,3541.068479515624,3830.5424305729925,2582.8391427737533,2345.170727184968,3630.1675658856047,3268.409686486443,4789.883631574416,5222.760261197106,643.2610602961113,1557.0922612862437,5336.880571951429,4027.1993059216134,6423.959490751542,602.3108965531973,145.6173577093959,3850.615083870275,5848.494275058594,2835.362060874999,7390.7828979579035,170.4995818238411,1625.6797845686742,3455.8060113306638,2388.7987939931004,873.5291721181228,700.5722471708832,4814.179940410669,3518.0994582928033,1225.2304280159703,1359.5005847485857,4214.830178866726,4319.913204811511,859.1597294168758,1650.1303642813905,3934.1161563395553,4283.7223256513735,2260.4302318420314,2926.9720293810014,6057.0638376294955,2301.6743500437647,6687.926672534621,5326.329831242598,2366.6021549651005,1270.9792353301418,3139.347097665096,4109.031208003686,3857.5984305910974,4925.477887089086,2717.354188509067,6636.814939265995,2142.7812455224603,6151.912379589951,1105.6012107352237,3324.9792858803867,3087.6664134207244,701.0998108785132,253.32967256324415,4439.976624768344,5273.821995920306,6003.367895948034,403.932282386546,5730.143213001117,5298.911496481928,2491.398723474672,5155.349398962036,4408.551942653241,3655.86233264102,5125.5271149688115,2085.080838670341,3803.6022931396055,1748.4175497122992,1077.281393062816,2514.8688022297324,3688.1477575767103,3123.004161222788,864.3809879967988,1140.1966089315335,4283.462657926147,5948.9351247676705,6635.435628605202,939.9222044365365,6388.915576981097,3912.4472788300277,2758.233219320618,6523.267002686737,1479.6269642927516,3823.5143591758556,7452.380764054398,1772.4770892416539,4939.067983066697,1619.881683924704,4707.042992589663,4574.597624310864
inanimate_005_left.png,5071.650958560269,6190.613330220084,0.0,194.74939191608192,2715.3608439142436,2398.8305637876947,3651.193349958733,3847.107730772808,2562.3316114255344,2960.2848273721597,1503.3467548958347,1058.2160118050826,5549.071895366433,7745.907690210967,1018.21378202219,2252.077991017279,256.9922012779047,6755.4755468255,6326.028600844135,2374.5845964412447,490.32358230142927,3363.354362604531,1304.4811912294747,6301.902794431683,7814.818631422729,2743.163458682769,3840.9837456649448,7059.528897391552,5492.5614185130535,1433.233584784047,2733.3486329213506,4965.96677806139,4879.896474191405,2030.5067575430483,1873.5546414906407,7023.187003672921,4590.352796966246,2331.7598359269405,1943.9464838121996,3986.188703570283,3274.971797352528,133.97896307497422,3895.9173317587392,508.42193380206504,992.3519697287455,3891.609581784997,7451.329251177083,3054.906181750211,2130.1555003877315,2402.6159595056065,1329.2036918791052,3515.443174598358,608.5745145052174,4103.8528309258945,522.5300019120939,5121.436186905645,2877.8808463127866,3160.0491497515154,5492.055583276742,6443.4190086531835,1822.1883207084327,918.1250730718801,391.729982408854,6068.312758880312,612.5095546962502,909.4569837710263,3771.722077146976,1136.6305354277627,1865.4324568381123,2558.120999354443,1174.2564842188078,4109.219476374217,2434.803224322021,4447.647611444435,7265.531907016441,3713.422836222308,2586.0553223457728,3130.9735342158388,7054.891572578818,5051.293092369772,1927.040850229277,503.91010810105485,631.1622658376237,5263.520188666897,205.87106610221844,2322.4823046796714,3468.6618363276775,335.8125387734958,4715.359598660523,2422.219874586519,1330.6102656815146,4421.629754105564,1348.5023066128972,4575.942886303784,1539.3552195997115,1653.7448224302834
inanimate_005_right.png,4880.890822874964,6000.882929445475,194.74939191608192,0.0,2522.1423311945246,2207.556946579975,3459.080062071841,3658.332918121603,2371.6153637349316,2768.682348810803,1316.9818322833983,876.3532501501577,5359.551088655837,7555.6800213684,853.1655470702455,2062.3419587673898,427.49511167642345,6564.409868371778,6136.123015848447,2183.054617759059,372.062677698817,3171.8932305632693,1478.2077697088148,6111.327008061216,7624.628475831117,2551.629029841944,3650.100525734631,6869.30982334803,5303.313101174843,1243.5480633399975,2544.1079953135772,4776.585425697537,4688.448792397196,1840.6108279886835,1683.6883288889019,6832.2303354837995,4398.8892874625035,2138.9580021713905,1752.6624637177833,3794.787682645799,3083.8574858746533,73.27237968511065,3707.916660256716,689.6982304231873,816.7048201482725,3700.3037296770126,7260.604676905904,2864.0165774877173,1939.5481735584185,2207.9927766317833,1139.8510159370499,3324.928893992138,741.4306873885915,3911.582907070123,530.2842037390827,4930.0451387497715,2686.014624069134,2967.2035597454246,5302.811355955636,6253.674029984471,1636.0883376280397,727.155063857791,330.96292018722573,5876.168993232195,468.9879848744517,716.0355998116169,3578.0065716830754,950.4278961484462,1673.0843784127997,2367.5358976015273,991.5766275811865,3920.736624140702,2242.606832471653,4259.090972732833,7075.368994640197,3520.500869045694,2392.398958836087,2937.862751947875,6865.096382716968,4861.810193824282,1733.652456742623,422.0799190954802,756.0769061575095,5072.691930723834,392.3064670715314,2130.5686716269183,3276.4056323491145,524.067816244728,4526.560609119457,2229.5555311097246,1503.2076909403577,4232.894537102351,1162.3288015411008,4387.428766219784,1349.3615451758,1462.8486886524315
animate_004_left_pair.png,2426.504658854027,3541.068479515624,2715.3608439142436,2522.1423311945246,0.0,355.61433855354255,960.5414049387705,1274.867789364608,419.8061891161083,308.5551777218539,1269.7843357907504,1709.0256259498333,2905.851834054773,5081.2780770628415,1831.446522139636,531.5721227491459,2932.9831746029727,4086.068951260387,3669.872103003601,372.1334368382731,2348.227559683061,769.2728626811942,3886.4065050428917,3641.875667644628,5150.293048019893,402.2630440469346,1167.9072307438632,4395.020036456007,2858.3129935490692,1300.840758870168,300.42949172661184,2337.470834051036,2196.0773631080956,718.9303036871337,935.5652449611833,4357.425104417245,1904.4066577552267,395.9888568760058,782.9945279007217,1297.6199064979817,740.4107938957127,2583.1626461644,1329.3383886931044,3197.025231082602,1806.694057854712,1201.2086159906828,4783.987335870833,549.014461683619,613.2654978136037,404.19596525655254,1408.1641259583182,854.9580788392207,3114.19865369661,1407.888162510729,2649.0609783500067,2469.562650425234,431.54079554937994,454.8427103685963,2857.7380794927476,3792.900938193946,964.7151305627058,1809.5996000685554,2500.6783855185718,3386.8403007746238,2219.1714120082365,1826.2183345527887,1093.6605315564461,1627.6683308716106,872.1873611811467,291.9662484097076,1604.2558981012282,1529.1461234441058,294.8249018477628,1841.7140748975883,4602.084370240334,1049.4069185419473,156.4261193431662,421.35193419905835,4399.796639057823,2415.7595834286317,834.8518941889864,2433.3499923543714,3108.9141194085514,2607.8467764944985,2913.3143335297623,407.57196955560727,783.360162254461,3043.8353741740975,2098.0029515638857,297.5745089043244,3929.8941850734964,1824.7601303967006,1417.1500901459924,1973.242277599054,1194.1036420321518,1071.3390025255292
animate_005_left.png,2719.6394669598235,3830.5424305729925,2398.8305637876947,2207.556946579975,355.61433855354255,0.0,1261.6356624439823,1520.8369739646603,371.31518541477067,565.839051992399,960.9657585315105,1394.045461619758,3190.267247224731,5378.254242005112,1512.8238956185135,246.62467950446907,2623.545133945109,4387.625560198339,3961.020828079017,33.436944855394074,2027.6564427652465,1033.5494530150002,3569.4260068028634,3938.5337886457837,5447.110359389079,509.4095986377853,1451.3688283286149,4690.4878239888,3140.2027044076913,985.7593132881677,357.1911549827344,2615.9564868035613,2495.413565543333,387.19575370575757,638.399685660291,4658.91218127124,2202.825276062555,198.66319576054605,457.24273822170323,1592.3137364522938,984.4841025621364,2265.671096001705,1567.546102715647,2888.268730455071,1496.2054377671466,1495.0128148752658,5084.198483868929,756.0801533808861,279.5455237256349,374.38441841139763,1096.9217081971399,1124.2715889287465,2808.8415568349596,1714.7727827472124,2329.7270934772578,2769.5725291867916,614.4368169729328,772.7597848244137,3139.5829061304466,4083.48690131219,627.2975082073766,1492.8860452125675,2181.8879071693045,3696.2768651579117,1903.6341047241542,1522.3060324589433,1419.753637946436,1326.7439679206243,595.5405545987715,189.85514109239733,1295.0588757654523,1781.5889152919915,79.50181496906113,2104.0142616034514,4897.653484785717,1359.070381477732,300.446768957384,748.2738000209412,4692.495677821714,2695.9770639558997,568.5767056758543,2120.838071525089,2806.884325071235,2902.526002368951,2599.8344376128016,93.51095876698922,1083.2191243297211,2730.7733895959645,2367.5535017283078,118.58103531259583,3624.5207383583656,2088.4536159080694,1108.5898822798374,2237.63001005126,878.0141044303319,749.8435850552434
animate_004_left.png,1478.9788150696675,2582.8391427737533,3651.193349958733,3459.080062071841,960.5414049387705,1261.6356624439823,0.0,470.2539442935409,1120.5766489600373,696.2877391374896,2215.2596662727983,2654.3910798944494,1948.7786599934066,4122.861625714306,2769.8827978895392,1451.7900709447206,3876.4064062376547,3130.297983344868,2710.626488685497,1282.6856921719693,3289.2803548567044,402.7631470654563,4829.979616668644,2685.1127420522575,4191.791783012242,956.7390594023324,228.98500046143366,3435.9789552249777,1903.8321464702533,2245.623266477963,962.1577578212166,1388.703713671468,1236.9386213753753,1646.0059194804226,1806.297332220165,3402.3338054346355,945.044021426698,1353.1316153095718,1717.1913096215799,345.9848917701534,533.789448664205,3517.8515791546406,512.3895265415315,4141.084396184782,2754.571395693858,269.5118828002189,3827.2823264340827,667.7065105360713,1539.5945309554354,1305.8534436789498,2355.7223814873605,209.77923573518706,4067.0402270708696,453.4938758032349,3589.367939598438,1525.8060807865415,832.3487537955325,506.29339181442685,1903.2055824185861,2834.6230270607484,1879.4010269735836,2736.761430626889,3443.4338789022086,2436.4165903340627,3164.5821947025106,2759.211127781784,312.9305423061985,2581.205474550952,1829.673940742206,1100.337759198046,2552.5804653419455,654.4025303666838,1228.0370132666758,914.6164788728364,3643.1934452011114,249.52428673050537,1109.1826620856316,543.374534203007,3440.9796066123827,1463.0255063675756,1744.7210906612559,3380.9441567662193,4063.4543446177004,1653.9582495976529,3850.5505609128663,1339.4400673472044,184.60635504726454,3982.8290454038784,1156.1765425139358,1245.5074304242514,4882.999622465541,908.1836782535066,2365.29120340689,1044.1318748726433,2137.95432315658,2009.832281755932
inanimate_004_left_pair.png,1242.2538167404098,2345.170727184968,3847.107730772808,3658.332918121603,1274.867789364608,1520.8369739646603,470.2539442935409,0.0,1293.1736957732073,987.8382401867344,2477.4045064024317,2896.388434375254,1703.543893628508,3901.9891220388663,3016.882413520937,1739.2088709881705,4082.823126684066,2919.625753418174,2481.6495142067743,1537.8522957847304,3513.3697582994982,536.5996876443745,5057.560505599318,2462.020429348187,3970.6834622084702,1130.0426646714511,381.5401842106702,3216.3022678625075,1645.8704730303054,2489.353559035076,1236.252784843805,1119.9531735179041,1089.882963555472,1901.2563085959812,1978.9646983547166,3186.3133764137874,832.7889455981425,1648.3699688290776,1961.7971997509057,463.91475088552005,624.8233539319742,3713.5476376090783,98.11346559055293,4346.535996912393,3003.793151519335,490.0909050227557,3611.0418817758014,811.6582679238954,1796.067371179571,1575.8206260249606,2600.8747081519714,527.6274629275981,4305.247674506455,514.0193720154915,3823.647113065462,1307.5711558865864,1008.5848037135758,861.8839819784009,1645.3530515621742,2597.925865504793,2123.796865154955,2931.7293248352084,3667.7995316576325,2255.3297555173413,3399.2396794099695,2961.034231366145,544.4164688501352,2834.6945997595385,2106.0451596615576,1337.3434593337413,2805.3883559212145,263.48564480796404,1503.6656351104953,603.4022170018932,3421.6498686778723,431.41257005404094,1426.74629063695,902.3515853560208,3209.3347391136526,1206.0843273992268,1955.860923688716,3619.54054496862,4306.027137195218,1430.8028070170117,4045.8116078304097,1605.2815886561123,556.7271457769294,4180.229604436854,869.4149840541398,1529.1432568087691,5119.061636321067,575.4083420103733,2621.410730471639,729.3343327923533,2383.852330897264,2247.7760992881817
inanimate_011_right.png,2509.566774957157,3630.1675658856047,2562.3316114255344,2371.6153637349316,419.8061891161083,371.31518541477067,1120.5766489600373,1293.1736957732073,0.0,497.3050669775656,1227.7868487681915,1624.584944409095,2989.7774419258103,5184.33040410103,1761.0837496731672,611.6166783290838,2793.950497105397,4193.207688308568,3765.5052301934234,363.99990030655505,2237.5726812474327,802.7070471507676,3785.179192390528,3739.7345429678617,5253.31500343374,197.8260288751725,1307.0354341122609,4498.339349703597,2933.848659563659,1218.74880981189,457.7328382869101,2407.0101725798263,2326.173989475515,682.0747157800553,693.4974687808696,4460.8982525325155,2041.2153406266727,509.3619751820547,707.8207515937924,1455.5332054984497,719.4435136275656,2429.0228717744067,1349.6296523710496,3057.839164152301,1734.3861817338814,1373.0707068688446,4889.0633692884985,492.9660699884536,584.2300199400072,431.10575899721385,1327.476327346181,1001.4543845167495,3021.1907802159117,1564.3730994528244,2557.200436783827,2560.3932812053677,332.7941986889117,684.8099409981456,2933.3702670319867,3882.819122775656,903.3872474641668,1644.5153653188324,2390.280903110982,3508.801265967163,2123.2136693532652,1669.5014979996968,1245.5997580395658,1559.4866279508929,865.4772020844525,263.00578174590095,1538.787108888792,1556.3262214873537,379.18154560048504,1894.5594569502196,4704.24500677012,1167.2927871388688,451.96347976920515,669.1568997600987,4494.128308727813,2492.326712337544,666.0771345403842,2343.347748830208,3021.3736563712205,2701.2322153325044,2759.969626088643,426.3061491069861,938.4586698262201,2894.111459162864,2160.082465933376,405.130566682071,3834.6926653817363,1866.2152609957518,1359.2559139754685,2021.8613847789436,1117.2804598727735,978.0170051131784
animate_012_right.png,2160.1749658575127,3268.409686486443,2960.2848273721597,2768.682348810803,308.5551777218539,565.839051992399,696.2877391374896,987.8382401867344,497.3050669775656,0.0,1522.3934688952982,1959.425820666088,2629.554422787188,4813.8925635172745,2075.299097681752,764.4709533308242,3185.8689304908835,3823.074860065896,3397.952703810495,587.701296857765,2593.3440309775906,520.6133774576346,4134.2883171803205,3375.050774893258,4882.756298967206,405.51758612300097,887.4241183071624,4126.26734628487,2581.121004923123,1551.1295598797865,294.4489726418336,2058.850261889473,1929.7838141639163,950.3792258308918,1139.0780666303374,4094.7282753435716,1637.1498115580112,674.0888137967037,1022.3930511943028,1027.405773658263,522.4054548968952,2826.9172266192068,1034.8510640150646,3450.6620913429933,2060.5207516529676,931.8924822312206,4519.631512384182,351.41268368028744,843.9238189784073,679.0986585419079,1661.858634379298,564.3609391354805,3373.752777146598,1149.432187764629,2893.850028263837,2209.945387212796,361.4321118101634,232.77928095674636,2580.488827434686,3521.0972110033076,1184.5438731997338,2049.0645277611916,2747.669214491255,3131.593239505495,2469.2630862387527,2075.390954318983,878.7317230560278,1889.6110597304764,1144.3799945465526,409.09730409122636,1858.9391434725073,1241.9403112302537,537.0397010405007,1553.8195330345372,4333.498033110559,812.204711240377,464.3327760014357,228.4596890733554,4129.312730715509,2137.2297001161946,1076.0934678568346,2686.1005587181166,3371.144780204833,2340.4798598716143,3160.716291622826,646.1306851748924,519.8757516660075,3292.4184603303397,1813.4763662915302,559.9282069591945,4189.537887139837,1541.248961107659,1671.9452771961667,1687.7769575004204,1443.357731515978,1315.1330428882927
animate_003_left_pair.png,3680.0219644086656,4789.883631574416,1503.3467548958347,1316.9818322833983,1269.7843357907504,960.9657585315105,2215.2596662727983,2477.4045064024317,1227.7868487681915,1522.3934688952982,0.0,451.40596940791085,4149.844462522877,6335.436539418754,563.6717437097093,770.6603370464755,1712.963970663813,5345.003902097932,4919.448514442965,943.1451321012329,1091.2437053114807,1987.1811327161852,2618.8147792078244,4897.440601786512,6404.230753694596,1404.3439233243616,2405.36135115181,5647.687335236213,4100.32755341637,134.8676056305345,1280.4372747603904,3576.441222482065,3449.7793758093544,577.2012838256122,697.9639423458478,5616.809285259209,3156.23950645783,875.7946602685116,521.5642954350175,2542.6614524456663,1925.0764490675035,1374.9078571913574,2522.2773071590345,1974.206232282941,542.1942801375387,2441.656371470313,6041.568380964814,1696.7163091916236,682.4954252665842,1036.1366847142253,192.67621276068158,2076.575086010945,1858.329072497454,2666.1983916318427,1380.559224824491,3728.5767829607485,1529.9548465007495,1717.4783189513591,4099.688089214899,5042.747289572672,380.7283942115199,688.1906630193758,1242.9768868204649,4650.8508767432395,958.1759606022935,723.8446653742606,2361.217490523366,389.6598627781813,419.3417402732471,1140.513584588106,341.3937292954169,2738.996139021588,991.0341798662491,3062.655021858139,5855.012496915623,2310.800783856878,1140.9134839005983,1687.76293935223,5651.027670544919,3656.1030807529173,672.3053247119904,1169.8121978008421,1855.480327958698,3862.3720220275536,1702.8846209167339,881.2356848157076,2038.708061972882,1826.9306554706295,3326.94939008286,976.6472166476022,2672.228892410777,3047.658604807222,157.38522410531763,3196.7148308851233,143.54645734106623,269.40984344199444
animate_006_right.png,4109.957752124047,5222.760261197106,1058.2160118050826,876.3532501501577,1709.0256259498333,1394.045461619758,2654.3910798944494,2896.388434375254,1624.584944409095,1959.425820666088,451.40596940791085,0.0,4581.428247185275,6771.947511527463,185.96581650545266,1217.6172354787534,1266.0740251983389,5781.457676900564,5353.8761552807955,1373.7829927923497,641.9209829584272,2407.4813057660876,2178.616828722963,5331.872387011659,6840.776167815105,1806.399830116181,2843.870929686332,6084.057606736347,4529.999795556458,411.33041468305,1718.7153861900365,4004.6272082590913,3889.09322181025,1010.8823653881424,998.0820350766761,6052.505995363711,3596.1314721635595,1315.9105119915087,940.3963100958304,2983.897887853726,2336.471427578182,932.2899143334441,2941.845375626386,1526.3686146524417,116.25518495568531,2884.2709558798747,6478.108472138554,2108.57629274747,1115.8833821467997,1442.708607006103,304.638489920962,2514.8223467498838,1416.8313545060437,3106.7894541760666,944.4747696255746,4159.303680968478,1937.1653171242406,2157.5367846662602,4529.387108540072,5475.87896880768,797.018266137001,386.43021385655175,793.5537037093671,5088.940140255578,510.61799070449496,430.421224648491,2794.3946317625996,143.3515314625704,846.9516184067638,1566.9923921655882,121.52038662152769,3159.030661644011,1427.4168886361351,3487.7358904792086,6291.20121222844,2741.360913643684,1578.9854038788856,2128.018613072098,6085.403379165403,4085.8981129249696,1013.4055668576275,726.8831055926103,1416.8391308061957,4294.96556223456,1257.2071454367972,1315.4593343842719,2475.789899721015,1379.2598734149967,3753.809510536213,1413.8441170560895,2231.4198817289207,3470.024473616008,297.76234442894753,3620.6883223169325,517.6214940092633,651.0492382981599
inanimate_003_left_pair.png,520.421555484756,643.2610602961113,5549.071895366433,5359.551088655837,2905.851834054773,3190.267247224731,1948.7786599934066,1703.543893628508,2989.7774419258103,2629.554422787188,4149.844462522877,4581.428247185275,0.0,2199.3267005664966,4695.512302876648,3388.7242358337385,5782.971016494269,1228.5186428636516,778.4607463363714,3210.2966115580116,5206.061763489497,2197.6218725852073,6748.152420255757,769.7372937613567,2267.8895350114462,2817.4731115537843,1752.3775461134737,1513.4183518142722,79.95846686347501,4173.2295530760475,2878.273407516508,584.669616782834,748.8060042091939,3574.1280692628134,3679.6388266231165,1494.0701658687105,1028.5565067087043,3297.4713718542703,3642.883511480355,1629.4097816840338,2290.8895701617867,5415.444808263456,1659.0876964629767,6047.027155024436,4685.435364313854,1736.4124621653607,1911.9753172189328,2500.051173800451,3468.4997749995064,3224.700500155704,4284.720205966524,2079.1376273682336,5995.594726724363,1516.4267913493563,5509.695137587943,525.016811449145,2687.707250076276,2453.48629258547,79.54199491231472,896.5030363231714,3798.446530973756,4632.635398092593,5360.988006884097,649.7782608240681,5088.292741599894,4659.104755463028,1870.9312133750448,4515.424104112522,3770.7760138177177,3014.441048628534,4484.945513986452,1443.8918138331514,3164.7611816044277,1105.8038481029257,1718.67092358879,1885.508849810022,3054.451187017304,2489.8334501569807,1507.1284471069596,497.78678011145973,3645.093753447619,5307.284449985827,5994.6731306005495,336.4131116747212,5747.821963386181,3272.8970657058535,2122.5575903454524,5882.090226235953,837.1240019104441,3185.6114826667213,6810.891866888342,1132.5262833347456,4298.742386681032,978.9698183231732,4066.1792937401738,3933.42173971686
inanimate_012_left.png,2678.637767338469,1557.0922612862437,7745.907690210967,7555.6800213684,5081.2780770628415,5378.254242005112,4122.861625714306,3901.9891220388663,5184.33040410103,4813.8925635172745,6335.436539418754,6771.947511527463,2199.3267005664966,0.0,6884.185801524184,5569.253198039718,7977.917736472711,1003.1338203946959,1421.3849207476933,5398.868300201057,7400.532723405744,4386.604327105729,8941.581323233675,1446.2121559621946,69.34474107296118,5008.014458693285,3930.7318393988658,688.2824341166449,2257.497363483409,6363.322752335427,5062.602432220518,2782.088699499747,2887.6160152511266,5762.347982247151,5874.819269054939,743.0051465187818,3181.2586815038744,5475.579966259722,5833.019741093369,3795.53939777062,4478.2998234130055,7612.3798361759655,3858.3007584072807,8241.967345714762,6874.047301308519,3899.3827000562833,313.3177114242207,4692.71473262505,5656.62767913765,5398.462316613637,6474.31938162363,4260.762009398324,8186.436585867343,3675.2354955116143,7701.383751217213,2637.5932752893245,4875.918018442976,4626.883731557044,2258.022727061383,1304.873640484284,5988.046717981557,6828.595776981799,7555.437670263617,1715.1792486109607,7280.4897124040435,6851.986811131302,4020.639636332333,6702.399060824914,5951.944372398697,5206.205078765378,6672.714222352338,3642.159508498584,5349.091510104735,3304.9188075151706,481.3124673210394,4055.097121335275,5225.985103365867,4660.85024709565,695.0563308217681,2696.532731439363,5834.172692141939,7498.490490433268,8184.061043992636,2484.7466593671184,7944.009616802213,5459.125466220337,4300.959987361005,8078.273941208998,3036.190628959252,5367.587776183508,9002.358934998318,3329.4646847724957,6485.786048903371,3176.8583323748776,6255.879116676143,6124.735158138409
animate_007_left_pair.png,4230.985794577217,5336.880571951429,1018.21378202219,853.1655470702455,1831.446522139636,1512.8238956185135,2769.8827978895392,3016.882413520937,1761.0837496731672,2075.299097681752,563.6717437097093,185.96581650545266,4695.512302876648,6884.185801524184,0.0,1322.8051762844364,1217.0768360297798,5896.913833160402,5466.715153307477,1495.2152569207972,555.5357210298694,2536.779470809972,2062.53607512899,5447.730222967231,6952.829204319612,1945.3139980844246,2954.191969453802,6196.03495099462,4645.281123880273,554.4389085883802,1822.3876805774953,4121.3827666894595,4001.2471702978282,1125.7846272567565,1152.8468891356579,6168.7906511016545,3707.571898853062,1438.7686041836685,1068.3022139211594,3093.5993340763257,2471.0763439988023,900.3476658502822,3058.316315242499,1469.4657283772847,132.52834246264158,2992.037163573826,6592.364309872975,2240.390584777142,1233.360350706536,1589.1131532100235,458.58109185292466,2623.7191218874405,1324.676897999519,3221.1428338056226,821.5760074931829,4282.172039671877,2075.3051560778968,2276.157166732468,4644.613020545442,5589.986991774264,897.3224516856649,513.0302987040438,704.487461998805,5206.288789473838,426.84574065594353,568.0138872138374,2922.3572213960188,304.39471165670153,978.9802052245585,1685.5613663414679,256.94519507919955,3278.275568993426,1548.7163241936812,3602.980699577708,6403.343607617641,2868.674113484281,1704.43760826409,2247.6728121179294,6198.488778079861,4201.287664168374,1173.3555516797226,629.896244062854,1326.5895043095204,4413.266604790806,1213.9048289311977,1437.3462498010042,2594.0355377107353,1328.0847825137223,3868.864099855257,1536.9631926620016,2131.497602476762,3589.1235159137746,426.4183491850279,3737.4299950555387,653.3700495367374,787.8224190374856
animate_010_left_pair.png,2923.8117006081065,4027.1993059216134,2252.077991017279,2062.3419587673898,531.5721227491459,246.62467950446907,1451.7900709447206,1739.2088709881705,611.6166783290838,764.4709533308242,770.6603370464755,1217.6172354787534,3388.7242358337385,5569.253198039718,1322.8051762844364,0.0,2470.4315987455025,4580.269739211936,4155.166224174637,248.44362945994143,1855.4705956726734,1259.1343710529375,3384.988973958622,4134.172257662514,5637.964899396531,753.5104014894833,1639.277107401722,4881.650223494926,3341.378846969587,820.552174652734,521.0520805391325,2820.206466463643,2682.960580979244,234.67370442574762,647.765699514221,4852.753168562449,2389.0093562949055,204.02722881514813,337.6196017477758,1774.4954077924926,1219.0548770355258,2120.3640399575115,1781.7224913370887,2733.8717985502476,1312.5798355316572,1672.3651258852244,5276.1050240341165,994.3271775683097,166.6401046909291,495.40948441500456,928.8378063134231,1311.0626903083091,2628.964003487618,1900.7717781119807,2144.2554176272183,2972.9641328419375,855.4851087351595,959.8804116688046,3340.699283245881,4279.726235817589,454.1548350345435,1368.4848319231276,2009.0507365594146,3886.9670279705874,1726.4814431555194,1400.114306837462,1617.3704413380588,1150.3072760623893,432.1536903428182,424.18181345409494,1111.649503660276,1996.8573826556592,268.51269851112824,2311.0343166448492,5089.081315327155,1565.5879862699562,434.94513756540744,932.8607319237541,4886.575790809708,2897.6491857751807,562.8522136474103,1939.5893455217727,2625.7409838333347,3102.2685503475163,2453.3975729583294,194.25099963962998,1279.394970843509,2581.337882927104,2572.307848764255,264.9713632356903,3442.687150221598,2300.6426557697873,925.2525661371277,2446.39710240772,713.6074916475923,604.5329726314311
inanimate_007_left_pair.png,5302.309349268847,6423.959490751542,256.9922012779047,427.49511167642345,2932.9831746029727,2623.545133945109,3876.4064062376547,4082.823126684066,2793.950497105397,3185.8689304908835,1712.963970663813,1266.0740251983389,5782.971016494269,7977.917736472711,1217.0768360297798,2470.4315987455025,0.0,6985.221829440168,6558.947819093018,2599.3526554825185,675.7751232608198,3592.4829602900095,1103.4908857669657,6533.068862020275,8046.921931592713,2972.0048163667648,4069.639830948931,7291.606489459434,5727.064965209559,1649.9015796355925,2960.609978113838,5200.234661124718,5108.0616848114505,2253.322513189615,2106.928847883302,7253.143220303382,4818.108070309796,2546.5487677661868,2167.175643368577,4212.844306699905,3504.465499050645,382.99688462730506,4133.100891097411,264.8693791293307,1188.7021065817164,4117.5612452629075,7681.991032579175,3285.7608100178795,2353.3577338740524,2614.616144218172,1542.2825896242168,3744.2087715728358,424.2808174456885,4328.676213055734,594.718007648536,5350.0774220978155,3105.5201285219428,3381.2515288148134,5726.569463962035,6676.699305210603,2046.9978120963742,1151.2345622562984,543.3407312596108,6294.602916279648,793.8359067690607,1129.6491161107929,3991.2208312364723,1334.9103953972583,2074.910869211104,2787.101401791066,1377.3129884469283,4345.464714622886,2656.1567448050737,4683.707889222085,7497.742902203178,3937.1270699405154,2799.3851642375494,3350.8186720919657,7288.0116925764605,5285.332721126549,2149.352134299971,634.0065931111258,444.938136777509,5494.122283758227,109.06721981119067,2544.58117153322,3693.8101659318445,134.64449018248595,4950.907629549109,2641.289611969883,1096.4869517433654,4657.29475336631,1556.1403413210353,4812.082399718593,1757.1260236316123,1876.007908917136
inanimate_010_left_pair.png,1686.051352365294,602.3108965531973,6755.4755468255,6564.409868371778,4086.068951260387,4387.625560198339,3130.297983344868,2919.625753418174,4193.207688308568,3823.074860065896,5345.003902097932,5781.457676900564,1228.5186428636516,1003.1338203946959,5896.913833160402,4580.269739211936,6985.221829440168,0.0,473.50895343011615,4407.68944146535,6411.870290608978,3392.88223546505,7955.082762322464,460.54323320611843,1072.4218997177813,4014.4531604973486,2944.109284291178,348.0376766726967,1288.799957331409,5371.847506441504,4077.6337267019603,1803.676427480502,1898.7325139124948,4772.921990098722,4884.203330089241,274.4256121189509,2192.9282857692497,4481.207318752651,4841.744945849783,2807.9252069252702,3484.7795390943256,6622.1252099969715,2880.7826191918134,7249.180092548882,5883.363715271885,2913.001950249872,698.8073136515358,3700.8551229113873,4666.546541585302,4398.770945711187,5482.314341922934,3275.0365932261466,7193.929936061999,2682.1560106448946,6714.826164947814,1639.8184557120173,3881.275814397827,3632.4113915126686,1289.430435540803,376.26641547410975,5001.9249567205325,5837.513552670019,6566.364242085908,715.4427111204822,6290.579307275193,5858.242752587543,3019.445023114056,5709.075331813011,4957.288512279489,4217.140274903039,5681.6520048327475,2662.8775901731724,4356.50658074733,2329.388369971671,538.0546546821605,3056.171307728096,4229.4727169447015,3665.5887282073386,368.46703990922254,1718.7457597377133,4838.70904629978,6508.325424801914,7190.750138712365,1492.2880334165538,6952.837934117293,4467.081330536448,3307.4176930410313,7086.9626945248365,2061.6041852750413,4373.8917519339875,8010.136364180615,2350.9005136113014,5494.568485499648,2202.153425986506,5264.534078692709,5133.477427092127
inanimate_003_right.png,1268.8301094575884,145.6173577093959,6326.028600844135,6136.123015848447,3669.872103003601,3961.020828079017,2710.626488685497,2481.6495142067743,3765.5052301934234,3397.952703810495,4919.448514442965,5353.8761552807955,778.4607463363714,1421.3849207476933,5466.715153307477,4155.166224174637,6558.947819093018,473.50895343011615,0.0,3981.470729184862,5980.727194361775,2970.124793184006,7522.151242566607,133.1722552638583,1489.9648880269972,3591.3149829209674,2515.991543527549,734.9720263253636,839.2794679322318,4945.497017046278,3646.3960912229186,1362.2138751285122,1481.2304692116036,4344.995388254091,4456.101384315907,730.3811349707098,1773.2009718293618,4063.0968589827426,4415.088015314558,2385.2490560095716,3063.328529792145,6192.414385088155,2437.3723913887748,6823.081875142976,5456.832232303231,2490.524270417269,1136.5227581233455,3274.8142753837983,4239.3474063763115,3989.3655234402804,5056.779107773072,2845.1127115457844,6768.566454989315,2267.9639308905107,6282.639744655479,1239.120104596921,3460.300952006592,3215.8295499832657,839.7184919924205,136.2128371453808,4569.961329408065,5409.136911696617,6135.680390231023,448.92390577001544,5861.699959242543,5434.283365816955,2620.31006125331,5286.192208138835,4538.342622604078,3787.3055619358906,5255.878546157431,2222.1996437949897,3933.6001633849596,1884.0535237438376,940.4042422298435,2646.303980101817,3816.6548322962753,3250.9784215555237,731.7747913043694,1275.6674097953219,4418.128790736699,6080.158419428366,6766.9373260796165,1072.8553301908876,6524.633850250118,4042.805466019896,2887.396784092738,6658.843759596322,1615.4356334378888,3953.2619906305895,7584.214604856294,1910.3172473822908,5069.254630200548,1757.1320811994574,4838.186319926281,4706.371750363717
animate_012_left.png,2738.011120481947,3850.615083870275,2374.5845964412447,2183.054617759059,372.1334368382731,33.436944855394074,1282.6856921719693,1537.8522957847304,363.99990030655505,587.701296857765,943.1451321012329,1373.7829927923497,3210.2966115580116,5398.868300201057,1495.2152569207972,248.44362945994143,2599.3526554825185,4407.68944146535,3981.470729184862,0.0,2006.9109822376101,1047.2138170662022,3549.9020413952385,3958.3832101355047,5467.756598202656,508.72928125032007,1473.7249622191628,4711.194260558541,3159.8034466737663,964.5318302461079,387.18434119390054,2635.127744362305,2516.7211940242987,371.12823554479513,607.6418587921003,4678.737677181529,2224.4692214852353,191.00769583318493,434.8323076424098,1614.9547695009237,994.4736390831158,2241.4017605031427,1585.7609452855438,2864.1161298177126,1476.601298906975,1518.4214434958383,5104.456565140778,765.8259615270425,262.965662447452,355.0194102297428,1075.5647853778594,1147.5157198379793,2787.7147174045685,1735.9717718140278,2310.906910437259,2787.593361529647,618.1130824773753,793.0681600139686,3159.197972554184,4103.562585133467,612.9694839518928,1467.1033638128622,2160.9907945794553,3716.126257719397,1883.1790477487752,1495.4604426635506,1435.9853988662521,1305.599787295009,574.9073674951745,207.01100185179303,1275.5201145827014,1799.1836084647368,89.21565376928349,2123.2363471160065,4918.2958942053965,1375.300254332761,309.0406498244618,768.0360052294672,4712.8270547931015,2715.609718218822,536.1373689772041,2100.6594092152327,2785.7448067882465,2921.763537291823,2575.2733156851164,75.31566925081123,1103.253471040426,2706.4458337241676,2386.9922970722837,120.07932876223747,3603.5652771793166,2106.429752541136,1089.2596912004394,2256.3649465601784,857.0389371926778,727.5055092101605
animate_001_right.png,4736.549456286276,5848.494275058594,490.32358230142927,372.062677698817,2348.227559683061,2027.6564427652465,3289.2803548567044,3513.3697582994982,2237.5726812474327,2593.3440309775906,1091.2437053114807,641.9209829584272,5206.061763489497,7400.532723405744,555.5357210298694,1855.4705956726734,675.7751232608198,6411.870290608978,5980.727194361775,2006.9109822376101,0.0,3031.4302930109457,1548.0910967173556,5960.240366078938,7469.293981267181,2422.647301586779,3475.5904004545137,6712.524299348127,5153.10175851422,1047.4374222511583,2349.0673285845246,4627.309906381503,4521.868131140114,1645.2905167436982,1575.6340769153232,6682.347476399487,4229.331626986501,1956.5048109807897,1573.0617721223873,3618.0087447976443,2955.073145264727,397.23037846022,3557.420594711937,921.7290472135903,557.932592155282,3518.9597540790137,7107.824455663786,2727.4869173369234,1750.4759197681892,2070.3311105067683,941.3366742497668,3145.985383336947,807.5148073288283,3742.3685190489973,342.3410357960697,4787.665991191746,2556.21757800386,2795.193854463346,5152.492775460931,6101.778908235664,1421.8746125407663,661.0207317582023,155.7045674260213,5722.495745144895,148.27571249627394,683.7288345395132,3429.4446612339625,740.5592952076242,1487.0359452992475,2194.9884531489365,755.1067382168552,3775.7710081618166,2064.30064150554,4107.114409686176,6919.470392901267,3373.417143934992,2219.0776037427217,2766.396575898649,6712.021959654598,4709.596671979092,1616.409623164371,158.1031305931408,818.3581862665137,4923.012768919012,674.4767275761984,1951.440578387288,3110.139264173663,780.620813960873,4374.565566029952,2052.1742347988384,1611.2949790240823,4088.4150745921647,939.1177180557755,4239.380442963355,1154.278469529167,1281.4440204537757
