,inanimate_008_right.png,inanimate_004_left.png,inanimate_005_left.png,inanimate_005_right.png,animate_004_left_pair.png,animate_005_left.png,animate_004_left.png,inanimate_004_left_pair.png,inanimate_011_right.png,animate_012_right.png,animate_003_left_pair.png,animate_006_right.png,inanimate_003_left_pair.png,inanimate_012_left.png,animate_007_left_pair.png,animate_010_left_pair.png,inanimate_007_left_pair.png,inanimate_010_left_pair.png,inanimate_003_right.png,animate_012_left.png,animate_001_right.png,inanimate_009_right.png,animate_009_left_pair.png,inanimate_010_right.png,inanimate_004_right.png,inanimate_009_left_pair.png,animate_007_right.png,inanimate_003_left.png,inanimate_002_left.png,animate_008_left.png,animate_009_left.png,inanimate_002_right.png,animate_002_left.png,animate_003_left.png,inanimate_009_left.png,inanimate_008_left.png,animate_002_right.png,animate_008_right_pair.png,animate_011_left.png,animate_010_left.png,inanimate_008_right_pair.png,inanimate_007_right.png,inanimate_012_right_pair.png,inanimate_007_right_pair.png,animate_012_right_pair.png,animate_007_right_pair.png,inanimate_010_left.png,inanimate_011_left.png,animate_010_right.png,inanimate_006_right_pair.png,animate_006_left.png,animate_007_left.png,animate_006_right_pair.png,animate_004_right.png,animate_009_right_pair.png,inanimate_008_left_pair.png,inanimate_009_right_pair.png,animate_008_left_pair.png,inanimate_001_right_pair.png,inanimate_001_right.png,animate_009_right.png,inanimate_007_left.png,animate_001_right_pair.png,inanimate_006_left.png,animate_003_right.png,inanimate_011_left_pair.png,inanimate_006_left_pair.png,animate_011_left_pair.png,animate_006_left_pair.png,animate_001_left.png,animate_003_right_pair.png,inanimate_002_left_pair.png,animate_002_left_pair.png,inanimate_003_right_pair.png,inanimate_012_right.png,inanimate_006_right.png,animate_004_right_pair.png,animate_011_right_pair.png,inanimate_001_left.png,inanimate_004_right_pair.png,inanimate_011_right_pair.png,animate_010_right_pair.png,animate_005_right_pair.png,inanimate_010_right_pair.png,inanimate_005_right_pair.png,animate_005_right.png,animate_011_right.png,inanimate_005_left_pair.png,inanimate_012_left_pair.png,animate_002_right_pair.png,animate_005_left_pair.png,inanimate_002_right_pair.png,animate_012_left_pair.png,inanimate_001_left_pair.png,animate_008_right.png,animate_001_left_pair.png
inanimate_008_right.png,0.0,1.062714725383711,1.043078419548423,0.48061794588938433,3.3149574583182684,2.7482127439895843,3.2956770587848507,1.5014917879546497,1.9976358096113918,2.6873782989939943,3.4706873693021905,2.763744592494459,1.7503608522851688,1.4990553513095293,2.8459340165948586,3.5086549672328577,1.6429421808368279,0.6997297378627771,2.0335954521545005,2.4017872796737185,2.706708347064191,1.1868297791365476,3.2124305828264683,0.9649698384506262,1.0055041796302457,1.9599580914950314,2.733397822254527,1.8953803056139507,1.8822994804510738,2.434177959226723,2.8736658839866904,1.7700636050404304,2.087570338165223,3.1137789240430487,1.3443517360450532,0.17760428335459122,2.3623852745091605,3.150619321547588,2.597807529169731,3.2136854048477317,1.3902865815131922,1.5931976586051926,1.7016856814396575,1.7150560448192254,3.375647614725786,2.914972707026322,1.329862393266575,2.3621287886007214,2.9868521673392183,2.192286170909361,2.5322481123156972,2.7686042280109264,3.127031817401594,3.3014029078213847,3.0938551191580843,1.302016078245737,1.9908763016957425,2.4686042835409587,1.4182539104832024,1.2533660761019454,2.947468120704396,1.9376667786137987,3.050404791698428,2.4827330527051936,3.351348838070597,2.6232620824304425,1.6983501183346934,2.465952370041391,3.62061709820772,2.4715979449431855,3.6996141592331977,2.136248249936067,2.735027100076009,1.6386180837994435,1.6196605699647466,2.5501508881832384,3.455469446801029,2.121435044478966,1.1829764135109797,1.4539804395351295,2.4558880203314915,3.1828061707619,3.369505681744268,0.544287601767278,0.992639434717502,2.601422103016801,2.5689211346201057,1.0156883310403804,2.062051427161557,3.009338836142582,3.2885504676962176,2.3211372521935303,3.4702545304372787,1.2442750750540201,2.7876774711589194,3.0906338903549813
inanimate_004_left.png,1.062714725383711,0.0,1.6115922235080853,1.1648382769177936,2.5100203198013626,1.8100514416953228,2.612923807876857,0.4421906671299943,1.5230210720551658,1.9920094232412835,2.7661494563724216,1.9872143264390527,0.7532738499627992,0.49713619584666585,2.2574711560934504,2.7399802470684653,1.1421607421691686,0.9643529809612457,1.173932192149523,1.7937140926100994,1.8813455984681193,1.2243676036280577,2.433044906702205,0.9545438417669839,0.06327338344457305,2.567221258184749,2.1684530734339194,0.9352922828201023,1.092840177717527,1.5457447212746303,2.171953581039692,1.004269598802441,1.1244167136907792,2.6375752236614445,1.3282578495457966,0.912405100663069,1.3854038337320043,2.223212812190341,2.137209233310043,2.528799980260988,1.895830415127675,0.9061668033341596,0.6534961996046144,1.1279155445033495,2.8733162082329353,2.3002607938777624,1.2407906377016682,1.7971052435627413,2.3774933070922595,2.0625411085953522,1.657902701646079,2.2751277212887526,2.1045590965400858,2.6746344651214593,2.3162557009177736,1.8485149814267574,2.418836985583153,1.7248800177839203,0.7657811860077892,0.36410425116072376,2.162235943625175,1.4054589059282248,2.126827511793952,2.2936340301972864,2.768954911048928,2.527376921665671,1.4206376760982065,1.7922789884373718,2.670884358735395,1.8081350028730105,3.1523250354529964,1.5554431773029862,1.707625661302041,0.7039310262265275,0.5908402778026204,2.394572943245082,2.684220818746519,1.3693467164936832,0.4404105288369167,0.5230486908306056,2.251716084166352,2.4569428828592077,2.3749709317771375,0.867720757413748,1.6653978830514842,1.6259696499865675,1.9696028875861582,1.7675358435286128,1.0597818394371177,1.9890334667792908,2.3469970226406205,1.729034244424879,3.0822297389696427,0.43969718746266,1.9264133201640865,2.229686201541303
inanimate_005_left.png,1.043078419548423,1.6115922235080853,0.0,0.5767024955149234,3.0501419618782095,2.761781918263019,2.874494845314334,1.981656446059792,2.7798308249783017,2.741981722339908,3.098764085413062,2.5481961160973308,2.064066059052179,2.0725884543779425,2.402384835373745,3.236032607959504,1.9953993152782787,1.7135721496907164,2.0319496922426272,2.4042085586815944,2.626855787600372,0.6799885978771186,3.1050587893990516,1.6667307150548485,1.5770314050614191,1.6045378905160503,2.254240726472675,2.083239466918608,2.5040018515726468,2.539861202656617,2.531987763031875,2.3686184753108384,2.205485529233912,2.4995787789792767,0.7571490122154052,1.0127032912202318,2.53238013206498,3.364743168351597,2.030920886414162,2.814701127925763,1.9310233559610164,1.828640199918754,2.1498022705809494,1.6710733928529315,3.680187892376083,2.505829776264313,2.050483743944591,3.0802270401935847,2.5499480011907263,2.4742793665796317,2.437545647028249,2.2106715631923617,3.2555595869588876,2.816957542989045,2.992066020646985,1.6885064594412558,1.3815298662278035,2.7171002055177578,2.04852202235355,1.9346770993023754,2.7206270701744475,1.992920836637023,3.3788873534950477,2.2909593531612558,2.8224787700042433,3.534508075427203,2.043206256352467,2.158583248136374,3.548211895011621,2.146396243318555,3.108845289729984,2.781987225533387,2.9446493841528887,1.8575148571929763,2.0374266488890416,2.3975303197605857,3.121369774512273,1.9630956431372297,1.9366551190021064,2.062449168371495,3.3253022286214953,2.8879551497764093,3.6480717211498352,1.5486362711250279,0.9250104863993961,2.7225611559776,2.1509531900183236,1.304857653253724,2.6565855772841545,3.361861268802198,3.5054267768998892,2.941924027791099,3.7032997869291986,1.896075201528273,2.747748588945328,2.981319237452589
inanimate_005_right.png,0.48061794588938433,1.1648382769177936,0.5767024955149234,0.0,3.077856829840758,2.625768547740212,2.994042831213742,1.582857480012119,2.2789859844626097,2.6061457161224446,3.1958350748527615,2.533420402957868,1.7512357887741423,1.6381090975494834,2.5347068418914844,3.2763887117199726,1.665849147844374,1.1426458505748762,1.8797290310869499,2.292942026894923,2.5471023956718746,0.7752675051961206,3.0552493879536273,1.1813534405585624,1.119368378172393,1.7775406184052234,2.403009091931874,1.8288467112180409,2.0715305722887956,2.356147468134256,2.5996822130252393,1.9450065823872669,1.9958424016418723,2.7389719592489934,0.927500328532959,0.4406710586738832,2.308032495179014,3.1398872325604685,2.2323608033453017,2.9218818277838343,1.6087598819890927,1.5424097411723219,1.77289265154415,1.5304436982934428,3.4473844967462166,2.6196703663524965,1.5750058600178298,2.607475608151807,2.6803910551419077,2.220299728182713,2.3522279091654514,2.4095505786996756,3.058802386412367,2.9751476825280934,2.937222767881941,1.4333633119278237,1.6842883680387648,2.476599642705929,1.605196307143848,1.451456761349545,2.7240101445652742,1.8163118971463754,3.096650306665787,2.2844957556928978,3.0106485580231994,3.0068392308848733,1.730682655937626,2.198552198661357,3.46846519458032,2.196446491699624,3.3392668140020776,2.3574005417475057,2.7049976638107682,1.5839806695181666,1.6721572525900037,2.3744033135820386,3.1889426999814208,1.9002367513215739,1.424479459121299,1.608383298169178,2.8071675280891126,2.9379133857796442,3.388129640105109,0.9744847706887492,0.8544349681081997,2.5277331109053534,2.254272465976892,1.0861907712074874,2.223344653397964,3.0586576027401313,3.279914531334982,2.5317184891617597,3.5169150933575613,1.42870819628188,2.646985468084318,2.9217541884635985
animate_004_left_pair.png,3.3149574583182684,2.5100203198013626,3.0501419618782095,3.077856829840758,0.0,0.9126874562343987,0.5309862533882449,2.2511202668672046,3.5347772975804714,1.7173431017953207,0.5169287564586204,1.120600912453778,1.8908085424522885,2.4075046755327536,0.8277332116951411,0.5401945066615637,2.773154085096327,3.4351930662075123,1.4890782040788975,1.7600494263507809,0.9100699829996288,2.4280396414951015,1.0878010691284665,3.2511892717386632,2.555377469798153,3.754469769601382,0.9348352909903757,1.7759047345655725,2.61122846199993,1.3562798320629361,0.5405507987538843,2.568927378748579,1.4404581374958498,1.185469332985051,2.297817470536482,3.1416414590650965,1.3976124014171305,1.6996400810427272,1.2448909603226983,0.45864507281209677,3.827417048877069,2.339395052614825,2.1297257085217343,2.0662413989964983,3.1322177873008488,0.7682895201890934,3.475678716676553,3.5545728202847138,0.738922745563167,3.60805885291445,0.8994485447820585,1.1188560325177046,1.360834289558417,0.750329208515758,1.0708566346013788,3.6718174060644557,3.240297088584157,2.018628116861034,2.6565881841032066,2.6496714327489825,0.44703220226653734,2.4096153128939037,2.027067493316247,3.058766738922459,0.8642608651785393,4.731603773515608,3.104569595060484,0.9004223504956728,0.7720539110833028,0.9056058079689203,1.1530701742429768,2.9697676154609733,1.4113966313909312,1.8323382903383525,2.102517123383892,3.2392057673467507,0.4067925988051979,1.3426520654536704,2.8308559456970763,2.5837356766958712,4.376596260069588,0.5408865599806401,1.8486415285182733,3.3319702879687454,3.328628797036035,1.2129674364123668,1.1359858646496797,3.649824285107924,2.464386406166001,1.9093708315510436,1.7288900556890836,2.992435035400297,3.329008262358746,2.613058125022963,0.9217920719742048,0.6269946334171819
animate_005_left.png,2.7482127439895843,1.8100514416953228,2.761781918263019,2.625768547740212,0.9126874562343987,0.0,1.3080369478389495,1.4713956131866115,2.792237778293156,1.2130004138301966,1.2733791067137052,1.1809470351938012,1.0964066066418672,1.592197085479787,1.2264320911352184,1.1127991506287296,2.243882580810369,2.7200661478530668,1.0163755383608915,1.2835762192233298,0.4785802224449916,2.1389689920285764,0.973415522831111,2.6332656079736636,1.8591580044587968,3.4653043341837884,1.3051751593912035,1.1430751723654133,1.738159587757776,0.5776812313882552,0.9430765354181716,1.7156667316444536,0.7181218442853128,1.7760589357206003,2.0584453068506496,2.572475900373414,0.5096272818135719,1.0299695044714858,1.5509080143034504,1.1898258223383538,3.2069985627365196,1.8162456167207557,1.3074670774551231,1.702968102466026,2.5626674618366057,1.1690035252535786,2.834159892726384,2.835111840537306,1.2355043358937559,3.186653833519171,0.5387100814908856,1.5279802166117813,0.8934373228159613,1.4906371614031246,0.8963414784329932,3.107596206198849,3.065697635803016,1.3064156776473856,1.8538485151053332,1.8647202608044078,0.6664384621026912,2.051218922392387,1.261767649303842,2.921445251762498,1.6092263867508645,3.9646227247414054,2.6139921930714416,0.9054513064586798,0.924303932133743,0.9457975090795356,1.972226276250804,2.1242797846047976,0.5451321137071234,1.1239833131658865,1.302117346876543,3.083053400673685,1.2210754918548932,1.0614037545011048,2.0644423134299097,1.8262590263498337,3.6255733799478693,0.9854999645444532,1.1708925134919,2.646020294548349,2.8981668156462352,0.30076104368216094,1.340246938212398,3.135884582099215,1.5968414665666177,1.0854681577749505,1.0950144168677987,2.153117357799198,2.8326632413266615,1.8277619563463348,0.40310459341252713,0.515976392584719
animate_004_left.png,3.2956770587848507,2.612923807876857,2.874494845314334,2.994042831213742,0.5309862533882449,1.3080369478389495,0.0,2.430027383021416,3.689480595512288,2.021754097735579,0.5725906818084304,1.078192119249738,2.102826892695704,2.6095565461799795,0.6337450980393047,0.859250726933851,2.790671941106256,3.5208407292933708,1.5668438957939224,1.9820764552671648,1.2414961679736196,2.276895269932707,1.4612127391679028,3.27300537085561,2.6534587005867096,3.6416701059958454,0.6302225586687966,1.9124339350463861,2.8961568758212075,1.6903889461624542,0.4990919964702805,2.833299260592992,1.6509528265187245,0.6885275033423794,2.1317155377387156,3.130344710387952,1.7291156636404676,2.1720711037041656,0.8913307480038105,0.24158211992889236,3.8932218927978135,2.3646902533424408,2.3510632896356203,2.0091962269888843,3.4720922935799514,0.6653888337343089,3.519898306101739,3.725537424137706,0.5514950585668951,3.549463332662747,1.0919885129381055,0.7299929036452261,1.7325977684841036,0.21954783687707083,1.4330506704717776,3.7037265912335173,3.080131420611245,2.3479011359330957,2.8593932959136996,2.814944089959339,0.7426364870927323,2.3577290813732685,2.4841279593272776,2.8616252370892825,0.3719321035954737,4.880538347875642,3.0844953789519627,0.8797420266876484,1.2511065476058032,0.8530459403642549,0.6874392106185033,3.2709699686928557,1.8231652082247423,1.9874838966301764,2.3056383161932095,3.049190789766827,0.3813073544092687,1.3331658392203527,2.9751006095003296,2.740064901186897,4.524346367246958,0.7563591389532539,2.3517244599297653,3.396381336213138,3.2600065072477284,1.5951815024859093,0.8801693427324135,3.6265262687800086,2.7477983956505665,2.370264527689121,2.218307952590061,3.3139316118930324,3.6225196491510836,2.7840461333293733,1.305083610314588,1.084060094664735
inanimate_004_left_pair.png,1.5014917879546497,0.4421906671299943,1.981656446059792,1.582857480012119,2.2511202668672046,1.4713956131866115,2.430027383021416,0.0,1.5400558727364018,1.7706695823773124,2.5519932710852142,1.796616992771036,0.41772236508766203,0.22754687079753017,2.1321169165888123,2.4833720195014775,1.2383309042691697,1.313929090993994,0.9875496330961855,1.6403716057344195,1.6107874769521056,1.5039452799734163,2.160172494865495,1.2812236093867804,0.49650409394918843,2.8719827688482122,2.0705069114700123,0.6890116450667012,0.8772428870832756,1.2349681053014625,1.9894592281406178,0.8242702184484528,0.8161274160070324,2.5677035454247354,1.5688453839820073,1.3490352937305732,1.018982395007691,1.8487816731678675,2.1014891499129833,2.3416563104915693,2.1818660115103734,0.9417690035173947,0.22289270395419047,1.1713382036750026,2.69950226206772,2.154051161082011,1.4850671903876862,1.740963288859678,2.2339772032601295,2.221936428237725,1.3958498956345287,2.212335289281786,1.7165726683361069,2.5232426493716744,2.0486154297026786,2.1512312641000024,2.683087327342168,1.479946235787035,0.7499437898262218,0.4164497083606273,1.9199349785188453,1.4424182635405285,1.7500908911296138,2.417544511147194,2.634530936005571,2.630665616705528,1.58018229711582,1.6487190804880034,2.3162775934841493,1.6718744434478976,3.025433261024784,1.4166314036317347,1.293589201759903,0.49431542992948746,0.21916842045076015,2.527416458022728,2.4502619411218123,1.2399099418464166,0.5935313127291477,0.44742524817413437,2.3293158861704444,2.234421910898028,1.9586497396221239,1.2541812234735417,2.025096924631168,1.2559717041832636,1.8803752549785315,2.131211049582196,0.6900714582177914,1.5596215890875598,1.9622516861574641,1.5662469510272092,2.957865594692425,0.4928042002076828,1.627843064457599,1.9274392489143404
inanimate_011_right.png,1.9976358096113918,1.5230210720551658,2.7798308249783017,2.2789859844626097,3.5347772975804714,2.792237778293156,3.689480595512288,1.5400558727364018,0.0,3.265205580748403,3.925802939152842,2.7597675068026546,1.9311784799869354,1.518785446005848,3.5222278504937394,3.870647814573778,1.180677330859622,1.623816795372963,2.134525962949232,3.165413016570809,3.064145446069176,2.476207758421891,3.621359307870176,1.1476532972767908,1.5397176710779397,3.894576517380069,3.379561197501036,1.7916257262243456,1.9456770680434652,2.6967620883713113,3.3361122360357642,1.974492281653446,2.169390494265587,3.808987943663646,2.645408060696818,1.9679757240518596,2.3987391635566992,3.1167563110195196,3.352979535942155,3.666228130406581,2.9241863127899967,1.4581378317224567,1.6608812222039653,1.921631613154181,3.9372666129578597,3.5709463894703974,0.8523861104681515,0.4045634877837374,3.623852019156161,1.5552581585645529,2.6493231182849972,3.4835326532480573,2.57956073532359,3.7641952532149756,3.5179347396262246,2.9913355474054857,3.8424040117375875,2.895510777072092,1.895393168336028,1.387801827235198,3.30251971836883,1.7276278772163842,2.9330656665563684,2.413654572050507,3.9189898582748244,1.2047918817953513,1.237089556352718,3.034599253395287,3.430879791863998,3.040510714821703,4.287527596266369,2.3724329225983958,2.462436340272191,2.000840132044984,1.7403886877924495,2.4098160390510164,3.639722277362527,2.404206241421398,1.1629455688244645,1.1031273040688192,0.8418551944706648,3.6555179503856197,3.0413340109095794,1.6302526309584489,2.9293503263907588,2.5809272234089087,3.016963312962486,2.897445058069384,1.3683452356817813,2.5804358168997896,3.190327205638482,2.531157587043788,4.233104586320599,1.6172174768249006,3.0554826965727817,3.301469358117906
animate_012_right.png,2.6873782989939943,1.9920094232412835,2.741981722339908,2.6061457161224446,1.7173431017953207,1.2130004138301966,2.021754097735579,1.7706695823773124,3.265205580748403,0.0,1.7168569137985215,2.2418204576617446,1.3900944491241625,1.7695633659877155,1.603858297185874,1.5079005173822317,2.8928228490567975,2.6166554202608365,1.8327215453489656,0.3573726192455644,0.8671847266173902,2.322018371469958,0.8086574472991462,2.943549129246329,2.009650461718342,2.837862612040913,1.8333008699722024,1.8822271469994831,1.5382352928443566,0.7481300473040587,1.5829110343074506,1.4830381635457341,1.4381538685583446,2.2941061612110505,2.202009908106502,2.52112378964589,1.1118581603941065,0.9577420233783902,2.0387919351245865,1.7996347508032493,2.5860699763253034,2.4715358755678785,1.6196270906428012,2.3942919567983063,1.4709259080610948,1.4920941873437261,3.2203095046491597,3.426460427311638,1.6259815013851633,3.8833735882612035,1.5640643763088313,2.0282713415574194,2.0372790614440057,2.16731623126797,0.7385550024742317,2.4985223796109604,2.537717006970998,0.5138476324254685,1.6270985279762238,1.9899739813619268,1.3196936466242106,2.8431046609094532,1.0873253873356812,3.730968368816401,2.160784597680226,4.29531585271629,3.245309710183466,1.4330732209234032,1.9113222790746391,1.4961541739847304,2.492867660072344,1.6045664077366517,1.381769392067864,1.4312569637738402,1.5545870600483689,3.89120857826079,2.103029427439334,1.8568114725786888,2.2536138889012114,2.214095326830819,4.0260437166085286,1.3429910291127227,1.424596446159816,2.5825068282649717,2.505698458636422,1.1420943203213283,2.1107220763999908,2.671905918677292,2.005130899396708,1.4673497847215224,1.093820413633406,1.573132740366612,1.6610604493067254,1.815780499591168,0.8801279239652571,1.155495446223661
animate_003_left_pair.png,3.4706873693021905,2.7661494563724216,3.098764085413062,3.1958350748527615,0.5169287564586204,1.2733791067137052,0.5725906818084304,2.5519932710852142,3.925802939152842,1.7168569137985215,0.0,1.522597927009308,2.171632475945498,2.696782316299237,0.7048506224978232,0.36656768871965756,3.1323492051494877,3.6421239584825402,1.839052220745752,1.7397563247646486,1.0718320084217996,2.5365203351277334,1.041315117718165,3.5363922704503903,2.803387591718521,3.6288344943151487,0.9348548313131988,2.142773252444173,2.850332958711521,1.5688095310682217,0.6547083361805281,2.792139158538089,1.77794808693102,1.0660480519692483,2.3719127477020914,3.299129258068219,1.7122550728252202,1.9003902310409395,1.2399671819320075,0.4001419397823045,3.867924834189596,2.6844218843015293,2.4390260631077885,2.3739937525309887,3.0970910781138823,0.6000643418573494,3.7988364102000687,3.979610615182879,0.5614026180989176,3.968103267264748,1.2874638014172037,1.0777595608082093,1.860553372501796,0.7217303330036122,1.0483799139861787,3.6885180624879985,3.084348636703349,2.1183252481929364,2.8605305262069765,2.925171675263398,0.6437175920023036,2.765950890985962,2.2462611634700522,3.3645501014432004,0.6863284500145411,5.109220096924304,3.453590366858154,1.023426817876556,1.200238406767403,1.031247788165147,0.9045950091970474,3.1464529038128473,1.8012788624444462,2.090758735121324,2.3892518214312353,3.551584985532846,0.7022733447016393,1.6502723388636111,3.1224691820201675,2.918913699306719,4.765322835720321,0.384606692821854,2.1361786449179756,3.5360056350998317,3.3350842489033132,1.5538132988174054,1.3372430139970315,3.6768581195475334,2.8356484732972964,2.2499892094977256,1.9395241674699124,3.1586183535202497,3.231497149294352,2.8546154957813203,1.121435238104883,0.8551318295425692
animate_006_right.png,2.763744592494459,1.9872143264390527,2.5481961160973308,2.533420402957868,1.120600912453778,1.1809470351938012,1.078192119249738,1.796616992771036,2.7597675068026546,2.2418204576617446,1.522597927009308,0.0,1.6077273622499142,2.010244981727796,1.2737383364926167,1.634670918071383,1.8361886874596969,2.9327077811832387,0.8215122051676308,2.1705069595488133,1.4197275799738944,1.874595588669898,1.9425932529193415,2.470293857297915,2.039030275054166,3.686178876865024,1.0547630097279044,1.1302242067410304,2.4775750618196457,1.6065029851957908,1.0034530917849451,2.4320468456247655,1.1230645493681652,1.3226334327309732,1.8286177025392847,2.6092755882990244,1.4152849431732697,2.2029873438142666,1.1318757773345731,1.1765170732312638,3.6476534437574024,1.4646741369155363,1.7595934481291207,1.1633230360472753,3.6629022950341166,1.3569492214118548,2.6422526141778215,2.750648125464672,1.3155002058785128,2.5528662948719028,0.6932146267244977,1.148691643107757,1.178762635719084,1.1285242106394748,1.870508802219188,3.4989142640031052,3.2107304728641544,2.3468400499609605,2.4317715593611373,2.187641760795568,1.1608736057517712,1.378084884168673,2.4004881045474615,1.972119367261527,1.3364111899847697,3.950726884491718,2.1236108177650403,1.0139602589309467,1.363969677963555,0.9770095333147727,1.643971833873566,2.974301258300091,1.463005681901443,1.5004776685175176,1.7517079462136729,2.145565765448597,1.0037866352415128,0.6793613302031676,2.276750482246687,1.9701438679663699,3.5785946215707622,1.473824239992614,2.2528199033744163,2.804844356962916,3.0480238508402504,1.353802022125906,0.6343168019968211,3.3694660744485865,2.0538465026661132,2.077862816096966,2.255763108626305,3.060197582813086,3.8894440274797546,2.2445109185845564,1.4522375876417188,1.3978038704942264
inanimate_003_left_pair.png,1.7503608522851688,0.7532738499627992,2.064066059052179,1.7512357887741423,1.8908085424522885,1.0964066066418672,2.102826892695704,0.41772236508766203,1.9311784799869354,1.3900944491241625,2.171632475945498,1.6077273622499142,0.0,0.5255592040999887,1.7909707874104848,2.084749071568544,1.5331984250985167,1.6302971938151098,0.8398505191872965,1.2783649926676328,1.198752477812895,1.5345802470152465,1.742669054869365,1.6568108489889286,0.7991149251689258,2.844849213051124,1.7729114873646694,0.6528093184519216,0.8928643304080882,0.8215982193235299,1.6437430722411048,0.8302031358624093,0.5109138751715525,2.289472573382238,1.541171887201749,1.5819777355070601,0.6370223064185614,1.4987854794756579,1.85107215639197,1.9923250655901492,2.2878345813738195,1.1536990336290378,0.292928619862091,1.244813037333113,2.4545971430904596,1.793835829139751,1.8843915576100665,2.0960552963351353,1.882517144508088,2.5325120075439673,1.0893204441998345,1.9384872142962684,1.5033242458708906,2.2125391638181733,1.6309445163042113,2.22936193884591,2.5944696907633924,1.1576493026237487,0.8461311586400634,0.7772382131386878,1.5377696949095505,1.601514629115223,1.4552769871506412,2.5746704386387402,2.313479628185908,3.0366929284756354,1.8925238005678788,1.318107829364716,1.9831935968760934,1.3508768059567715,2.706829737632862,1.3974195388296509,0.9896309563506326,0.24106384665152616,0.22002773538922707,2.706173848168637,2.1269433782036904,1.0577450627436316,0.9963232778530579,0.8516845717889686,2.7318770860749995,1.8402081501878234,1.66174709478089,1.5669561522798376,2.090117378929033,0.8842001236923155,1.661296384181356,2.2422989030327014,0.8572470971097479,1.3148033583215102,1.619419124936409,1.5128202463568137,2.7121398322646555,0.7391803336057418,1.2163719497282228,1.5275716736848697
inanimate_012_left.png,1.4990553513095293,0.49713619584666585,2.0725884543779425,1.6381090975494834,2.4075046755327536,1.592197085479787,2.6095565461799795,0.22754687079753017,1.518785446005848,1.7695633659877155,2.696782316299237,2.010244981727796,0.5255592040999887,0.0,2.292547792693208,2.6070784485168175,1.384811131130207,1.214706506455282,1.205870255153528,1.6511570675093243,1.7135579246331638,1.647895615192186,2.2262385086725507,1.3226042790480008,0.5330124597265866,2.8642474762690138,2.2525454817364143,0.9064196954320329,0.6823328533829441,1.2957217467670412,2.157238105044007,0.6365789537615927,0.9869892373846219,2.757234455932111,1.7141079500449177,1.3550372750903346,1.1084675847855565,1.841522544227767,2.291484616401498,2.5086619639460137,2.0650459697811443,1.135173244117012,0.2948664259999103,1.3893523702578345,2.578516740288799,2.304011612852274,1.5125914325860557,1.742154370377372,2.3919062567702207,2.3445403872480473,1.57606774375823,2.3994923356350926,1.84747839558804,2.7094897056639957,2.1168204933447794,2.062952949252298,2.719743591114655,1.4245399406293213,0.5737767190785587,0.2965293357942499,2.0628866934152894,1.6429560221877813,1.6998842716027662,2.6110426812039234,2.8139590423149268,2.5565486909457844,1.7091028987122632,1.8167613895837262,2.446503189116758,1.8447312008834023,3.206456731667408,1.2179146208611633,1.371101460336971,0.6492429536885274,0.3081606496837004,2.713580154616548,2.6283618853089017,1.4556118597639047,0.5251367082426732,0.4945370470925273,2.274729230549234,2.364371004382674,1.9524387349160481,1.184408647790374,2.020988464758761,1.3512454115914403,2.0904540903329156,2.0808948889263292,0.6355666119555101,1.5480596385143512,1.9564220258361105,1.3746538115656675,2.843936344612727,0.3423208007289925,1.7230927740357187,2.0392782683490585
animate_007_left_pair.png,2.8459340165948586,2.2574711560934504,2.402384835373745,2.5347068418914844,0.8277332116951411,1.2264320911352184,0.6337450980393047,2.1321169165888123,3.5222278504937394,1.603858297185874,0.7048506224978232,1.2737383364926167,1.7909707874104848,2.292547792693208,0.0,0.9288348118099266,2.6472092762877137,3.0971258971222575,1.4194139496414355,1.484260290929475,0.9722503586421386,1.8559443957104254,1.23606767190098,2.9791172968705006,2.287437601535754,3.0272691720366356,0.3337968534086522,1.7495984818180383,2.5405911755354933,1.3922626673292833,0.3600567732995297,2.4552371818870764,1.4414810409987457,0.6932047045683489,1.6818992174431786,2.6803621925745977,1.5177751938850934,2.0103857852913,0.6117446182185259,0.4709659704626711,3.328267219072548,2.197297327089516,2.0691626961711655,1.84630501660053,3.048933942937568,0.16571557670852052,3.2749670207063915,3.625190961702993,0.1480614528809506,3.4683938866739634,1.037473323020733,0.4992550422584008,1.9076187932306432,0.662164968023556,1.1760863652424454,3.1259949935993148,2.4730148976414377,1.9520123077225222,2.4432568202828944,2.474851053160078,0.6375605792383737,2.2894593638208076,2.2876834974359066,2.867430239665492,0.6228669114576156,4.678467301862866,2.944282909499948,0.4914555778095837,1.5630848535711717,0.4819239857348478,0.9885581785064601,2.8677807692932005,1.7578534729349145,1.6475479805437545,1.9933075446922173,3.0561807681520716,0.9481786808854411,1.1780599657111928,2.6554445119159973,2.488392771702711,4.346284980375032,0.6200374640361714,2.295606255145299,2.9744380272528956,2.6948316543282695,1.4554605743033369,0.851329168000631,3.0627822066499104,2.557394740961402,2.2814465263876667,2.0944172031066106,2.9170140307241206,3.1562061396974004,2.4034447953314224,1.094052414894439,1.0278907772219177
animate_010_left_pair.png,3.5086549672328577,2.7399802470684653,3.236032607959504,3.2763887117199726,0.5401945066615637,1.1127991506287296,0.859250726933851,2.4833720195014775,3.870647814573778,1.5079005173822317,0.36656768871965756,1.634670918071383,2.084749071568544,2.6070784485168175,0.9288348118099266,0.0,3.1725520395215345,3.611495882185404,1.8643796358281133,1.5999178062313395,0.9136221712124736,2.666937167757492,0.7536907359048061,3.560426003117069,2.7788724800058566,3.7071211275334397,1.1814939691770143,2.1237763104695038,2.688141879693428,1.3930842181162855,0.810647542597455,2.6434644988893248,1.7166627048674614,1.4046221511424033,2.5116962083079497,3.3332922806406713,1.5597758250627174,1.5899980674423078,1.5008898137982678,0.679914038482707,3.8301951756200325,2.7231972723095232,2.344092527168266,2.464487222248058,2.8405378693649275,0.7907808986389853,3.8104620399409708,3.9184628715890177,0.8076938584282982,4.052279687473563,1.2786776623359335,1.360048834261614,1.7249012387955256,1.0442955652628834,0.7851805146751716,3.674225201583892,3.199314427090892,1.9037023749781514,2.753690583407047,2.855803489582276,0.6050331026187198,2.8540433043977727,1.950133981906309,3.5345431034736627,1.0417568849374763,5.048204266589946,3.514151035908842,1.1244786717791808,1.0170834100390873,1.1497894381061053,1.265349274164692,2.957098402573839,1.6035002067604782,2.0426865536849887,2.3044495055517706,3.7173150455304094,0.8661091119388428,1.7287136461187262,3.0676723443243246,2.8652443480357173,4.708699387784797,0.3503676755988476,1.8230058659855577,3.520853100444904,3.394489692348537,1.3768119496770328,1.5438683711832382,3.7033435789191027,2.7000186298131372,1.9844079010167397,1.6167143451642607,2.951504453627756,3.003251066587894,2.776964897110937,0.9235391743596711,0.6212330145855388
inanimate_007_left_pair.png,1.6429421808368279,1.1421607421691686,1.9953993152782787,1.665849147844374,2.773154085096327,2.243882580810369,2.790671941106256,1.2383309042691697,1.180677330859622,2.8928228490567975,3.1323492051494877,1.8361886874596969,1.5331984250985167,1.384811131130207,2.6472092762877137,3.1725520395215345,0.0,1.692585049416664,1.3086527583919172,2.726979685303982,2.4776933051746752,1.5598081788859524,3.098969311961587,0.8439043243028939,1.1731843550203316,3.3913386312379847,2.4345649577020083,1.1066231646633247,2.0551880718492903,2.263785121749201,2.493899760851975,2.017229932819075,1.573078845410636,2.791762567085323,1.7267258094121023,1.5678424809036167,1.9753156317901421,2.9174778157824295,2.3456250386395423,2.805825251063385,2.8769103189822443,0.460948297238292,1.4026425266763378,0.837795743962018,3.9345850183955116,2.7352926293700173,0.8612469927293905,1.2935286204867615,2.7599538670590764,1.0005008143813177,1.9039842472508992,2.49126066303107,2.139599056062392,2.817467477364107,2.989532566822483,2.8182673804252136,3.180122494899278,2.6860072710901752,1.8612222896303163,1.3061365269298773,2.5749269366869005,0.5831692293086215,2.869453846232124,1.3590594466420338,2.969610100369227,2.2398654396378856,0.38038747253710775,2.1975423969218606,2.8619279224653034,2.1837967957773396,3.3115085226534244,2.5804558301262226,2.131102142139769,1.4651854890323912,1.4260442985504496,1.414165000882576,2.795478249845173,1.4898397072300582,1.1506523064897756,0.937494662843767,1.8907481836260442,2.9226500703207585,2.9328318775199387,1.5761075291894953,2.4595376084625222,2.1365682071758463,2.0050944538971947,2.610390966212669,1.4965848445981527,2.518892891673822,3.0071035815947225,2.7465188377870176,4.175570323990795,1.5129787468707878,2.510150060137778,2.704868777433048
inanimate_010_left_pair.png,0.6997297378627771,0.9643529809612457,1.7135721496907164,1.1426458505748762,3.4351930662075123,2.7200661478530668,3.5208407292933708,1.313929090993994,1.623816795372963,2.6166554202608365,3.6421239584825402,2.9327077811832387,1.6302971938151098,1.214706506455282,3.0971258971222575,3.611495882185404,1.692585049416664,0.0,2.130685731211227,2.394947225072163,2.732588300857427,1.7071272381209581,3.2151616738082427,0.9714116170034484,0.9088244414598775,2.374819931430579,3.0225053133161546,1.8894456521765388,1.4622641817899116,2.3575424119425743,3.0666553114460005,1.3849367692383003,2.07023635181174,3.4672880915919015,1.8477975175421526,0.7037994360077299,2.2585434318559057,2.9386112311382298,2.951887841290412,3.4221173063919434,1.3248234678207689,1.6797744356712128,1.4903373313727324,1.944175718588624,3.104268242305602,3.138084642972235,1.2118108032069648,2.013192655350829,3.2250499393591188,2.3188319083237703,2.610704582603813,3.1046145226333333,3.0253279831781335,3.567885509405231,3.1003574230049287,1.385003412539188,2.470251099637566,2.279885413619167,1.0688416153695284,0.9300702292230267,3.0579559899396354,2.1183532204714357,2.762158800691127,2.8212802708978746,3.6374410897431733,2.1830810770801543,1.797853230031898,2.667993363970719,3.606061317987408,2.685711197273262,4.011935006413915,1.6729930059357268,2.576190728893702,1.616045675365464,1.445120068187109,2.8767137730734547,3.6236449477552712,2.3024112701597272,0.8344258122083416,1.2062513727131923,2.040425031405859,3.3164338594850955,3.1068050111829133,0.1824511676252302,1.4541352950870976,2.5099380632019432,2.8576775085079285,1.3105815653847297,1.6914830940571055,2.719094234338768,3.067731278385222,1.8643250223724348,3.256519741443843,0.932396309643494,2.781083971588189,3.1118943370882413
inanimate_003_right.png,2.0335954521545005,1.173932192149523,2.0319496922426272,1.8797290310869499,1.4890782040788975,1.0163755383608915,1.5668438957939224,0.9875496330961855,2.134525962949232,1.8327215453489656,1.839052220745752,0.8215122051676308,0.8398505191872965,1.205870255153528,1.4194139496414355,1.8643796358281133,1.3086527583919172,2.130685731211227,0.0,1.7088347497889678,1.2222127375949294,1.365664273577157,1.847487027408765,1.7793947889669357,1.2270458657075616,3.1334974311874806,1.2675125365678173,0.37200206373142863,1.7233923355262357,1.1604707585311278,1.2174745738866077,1.666385088860705,0.4701890220067251,1.716969226770466,1.3615681020667987,1.871865777649196,0.9192631539043097,1.8947820460679248,1.3056519131889444,1.5430050128124184,2.8855922538682015,0.8600783279079186,0.9781493788066772,0.6878592695405891,3.1431865216804593,1.4813494728770216,1.9890569149364206,2.212578746810418,1.5132796291116997,2.2222362882863407,0.609965686290597,1.3987121402448253,1.2346306672203484,1.639104729417881,1.7435775628055479,2.7657997720184255,2.753672432970376,1.7992267248688416,1.6302413494284418,1.3717911500615565,1.2665091322034123,1.0646797482310724,1.9865473844065729,1.9560044470559539,1.786926005983057,3.3168571291042483,1.65514206686808,0.949711717510564,1.6864737242483512,0.9443137570991619,2.1618207401089555,2.236934764080736,1.1397339272032105,0.7148840285573567,0.9561250481497078,2.113058608022639,1.5789375318962082,0.30818037686037786,1.4757376751486349,1.200193556246035,2.9662472589409234,1.6186505399084208,1.998196071225052,2.0131368339552207,2.3961265886847336,1.011033651012783,0.9537092418755075,2.661279229221348,1.3691299521430502,1.7083525072146433,1.985852023117719,2.3472027950962775,3.376231700244333,1.4253608957431427,1.2653701699169897,1.4207401607869221
animate_012_left.png,2.4017872796737185,1.7937140926100994,2.4042085586815944,2.292942026894923,1.7600494263507809,1.2835762192233298,1.9820764552671648,1.6403716057344195,3.165413016570809,0.3573726192455644,1.7397563247646486,2.1705069595488133,1.2783649926676328,1.6511570675093243,1.484260290929475,1.5999178062313395,2.726979685303982,2.394947225072163,1.7088347497889678,0.0,0.9070083085665203,2.0151857923009855,1.0011719105331103,2.7294829326438466,1.8047309407808947,2.5013704303563853,1.6877821240573365,1.7733455987813183,1.4989266756373703,0.7940513570886136,1.5155394201434311,1.4128786304794063,1.361421252104942,2.1520627487231776,1.888691050382791,2.2368940566088393,1.1378061324601685,1.2561709030011934,1.8486142887002628,1.7639168506110845,2.3274404953498284,2.3045814269957265,1.5261956069905316,2.204253015271616,1.629182366002479,1.3980074737090669,3.033747126455962,3.3557491599835028,1.5349184991559544,3.7015293489985797,1.5197864525875333,1.8625363431708728,2.134546286574117,2.09922814128427,0.9094622226640602,2.2122707415244895,2.1897748050411776,0.6341419106475511,1.4795847045041968,1.838323351588044,1.3272136622260418,2.6769552619210844,1.3574844504541401,3.5329764285466947,2.082519394347349,4.186575978959943,3.0629184730176306,1.2946809293289894,2.06140586793628,1.3546609806898293,2.424127652812469,1.5933601045741177,1.4961792065279376,1.2699403497284554,1.4362036163605343,3.693479962199544,2.115550984796241,1.710301460496102,2.096516793007814,2.085972816644241,3.9217316920975644,1.3664957504891322,1.7019740308018223,2.3473310217878094,2.168212508627847,1.2197209033790894,1.9625647187253001,2.3583299404476357,1.9912251635550782,1.6716791057364648,1.3997895839442538,1.5982457159601537,1.7606790836726256,1.652954437671152,0.9712492933903785,1.269574089629726
